0 0 191
1 0 195
2 0 197
3 0 194
4 0 192
5 0 196
6 0 207
7 0 216
8 0 215
9 0 215
10 0 215
11 0 212
12 0 201
13 0 190
14 0 187
15 0 192
16 0 193
17 0 197
18 0 193
19 0 192
20 0 194
21 0 182
22 0 173
23 0 179
24 0 198
25 0 192
26 0 194
27 0 208
28 0 217
29 0 211
30 0 200
31 0 194
32 0 197
33 0 194
34 0 200
35 0 213
36 0 216
37 0 212
38 0 218
39 0 231
40 0 237
41 0 235
42 0 227
43 0 219
44 0 221
45 0 232
46 0 235
47 0 231
48 0 232
49 0 236
50 0 234
51 0 224
52 0 216
53 0 215
54 0 217
55 0 217
56 0 233
57 0 238
58 0 254
59 0 241
60 0 236
61 0 246
62 0 241
63 0 249
64 0 237
65 0 231
66 0 222
67 0 213
68 0 211
69 0 214
70 0 215
71 0 214
72 0 211
73 0 214
74 0 216
75 0 215
76 0 216
77 0 214
78 0 204
79 0 192
80 0 197
81 0 192
82 0 190
83 0 190
84 0 183
85 0 172
86 0 169
87 0 173
88 0 172
89 0 173
90 0 176
91 0 180
92 0 181
93 0 175
94 0 164
95 0 155
96 0 152
97 0 153
98 0 153
99 0 152
100 0 153
101 0 155
102 0 154
103 0 150
104 0 154
105 0 151
106 0 152
107 0 155
108 0 149
109 0 137
110 0 132
111 0 135
112 0 136
113 0 135
114 0 131
115 0 128
0 1 193
1 1 194
2 1 195
3 1 193
4 1 192
5 1 195
6 1 201
7 1 207
8 1 214
9 1 215
10 1 217
11 1 215
12 1 203
13 1 189
14 1 183
15 1 184
16 1 194
17 1 198
18 1 193
19 1 191
20 1 192
21 1 180
22 1 171
23 1 178
24 1 195
25 1 194
26 1 202
27 1 214
28 1 217
29 1 208
30 1 197
31 1 193
32 1 197
33 1 193
34 1 198
35 1 210
36 1 215
37 1 214
38 1 223
39 1 237
40 1 237
41 1 231
42 1 220
43 1 212
44 1 218
45 1 232
46 1 238
47 1 236
48 1 233
49 1 235
50 1 231
51 1 222
52 1 215
53 1 215
54 1 217
55 1 216
56 1 234
57 1 240
58 1 255
59 1 250
60 1 245
61 1 254
62 1 247
63 1 253
64 1 239
65 1 235
66 1 227
67 1 219
68 1 215
69 1 214
70 1 214
71 1 213
72 1 213
73 1 214
74 1 214
75 1 213
76 1 214
77 1 215
78 1 207
79 1 197
80 1 198
81 1 194
82 1 193
83 1 193
84 1 187
85 1 176
86 1 172
87 1 175
88 1 172
89 1 172
90 1 173
91 1 173
92 1 172
93 1 167
94 1 161
95 1 156
96 1 153
97 1 156
98 1 156
99 1 153
100 1 151
101 1 152
102 1 155
103 1 156
104 1 160
105 1 157
106 1 157
107 1 157
108 1 150
109 1 137
110 1 132
111 1 134
112 1 133
113 1 133
114 1 132
115 1 132
0 2 194
1 2 195
2 2 194
3 2 191
4 2 189
5 2 190
6 2 194
7 2 198
8 2 206
9 2 208
10 2 212
11 2 212
12 2 201
13 2 186
14 2 178
15 2 177
16 2 194
17 2 198
18 2 195
19 2 192
20 2 192
21 2 179
22 2 169
23 2 175
24 2 190
25 2 195
26 2 205
27 2 214
28 2 212
29 2 201
30 2 190
31 2 186
32 2 197
33 2 193
34 2 197
35 2 208
36 2 214
37 2 217
38 2 227
39 2 240
40 2 228
41 2 222
42 2 214
43 2 213
44 2 223
45 2 236
46 2 239
47 2 236
48 2 235
49 2 234
50 2 228
51 2 218
52 2 213
53 2 215
54 2 217
55 2 215
56 2 233
57 2 240
58 2 255
59 2 255
60 2 253
61 2 255
62 2 250
63 2 255
64 2 241
65 2 239
66 2 234
67 2 227
68 2 219
69 2 214
70 2 213
71 2 213
72 2 214
73 2 215
74 2 213
75 2 211
76 2 212
77 2 214
78 2 208
79 2 200
80 2 198
81 2 196
82 2 196
83 2 195
84 2 189
85 2 179
86 2 174
87 2 175
88 2 174
89 2 174
90 2 173
91 2 169
92 2 165
93 2 163
94 2 162
95 2 163
96 2 154
97 2 157
98 2 158
99 2 155
100 2 151
101 2 150
102 2 154
103 2 159
104 2 156
105 2 154
106 2 154
107 2 153
108 2 146
109 2 137
110 2 133
111 2 135
112 2 133
113 2 132
114 2 132
115 2 134
0 3 195
1 3 197
2 3 196
3 3 189
4 3 181
5 3 180
6 3 188
7 3 196
8 3 194
9 3 195
10 3 199
11 3 202
12 3 194
13 3 182
14 3 174
15 3 174
16 3 189
17 3 197
18 3 197
19 3 196
20 3 194
21 3 178
22 3 166
23 3 172
24 3 190
25 3 193
26 3 199
27 3 205
28 3 204
29 3 195
30 3 184
31 3 177
32 3 195
33 3 193
34 3 198
35 3 208
36 3 215
37 3 219
38 3 227
39 3 236
40 3 214
41 3 212
42 3 213
43 3 222
44 3 235
45 3 241
46 3 237
47 3 229
48 3 236
49 3 234
50 3 226
51 3 216
52 3 212
53 3 215
54 3 217
55 3 215
56 3 232
57 3 235
58 3 255
59 3 253
60 3 253
61 3 255
62 3 250
63 3 255
64 3 240
65 3 238
66 3 236
67 3 232
68 3 224
69 3 215
70 3 213
71 3 215
72 3 214
73 3 215
74 3 213
75 3 211
76 3 212
77 3 212
78 3 205
79 3 196
80 3 194
81 3 194
82 3 195
83 3 193
84 3 187
85 3 179
86 3 174
87 3 173
88 3 175
89 3 176
90 3 176
91 3 172
92 3 168
93 3 166
94 3 169
95 3 173
96 3 157
97 3 154
98 3 154
99 3 156
100 3 155
101 3 151
102 3 151
103 3 152
104 3 140
105 3 141
106 3 142
107 3 141
108 3 138
109 3 135
110 3 135
111 3 137
112 3 134
113 3 133
114 3 137
115 3 144
0 4 193
1 4 198
2 4 197
3 4 186
4 4 173
5 4 171
6 4 184
7 4 199
8 4 193
9 4 192
10 4 193
11 4 194
12 4 188
13 4 177
14 4 171
15 4 171
16 4 182
17 4 192
18 4 196
19 4 197
20 4 194
21 4 177
22 4 163
23 4 168
24 4 194
25 4 193
26 4 192
27 4 195
28 4 198
29 4 195
30 4 183
31 4 171
32 4 193
33 4 194
34 4 199
35 4 209
36 4 216
37 4 219
38 4 222
39 4 225
40 4 211
41 4 209
42 4 213
43 4 224
44 4 236
45 4 240
46 4 235
47 4 229
48 4 235
49 4 234
50 4 227
51 4 216
52 4 211
53 4 214
54 4 216
55 4 216
56 4 235
57 4 234
58 4 251
59 4 250
60 4 251
61 4 255
62 4 249
63 4 255
64 4 240
65 4 235
66 4 234
67 4 234
68 4 228
69 4 218
70 4 214
71 4 216
72 4 212
73 4 214
74 4 214
75 4 213
76 4 213
77 4 210
78 4 200
79 4 188
80 4 190
81 4 193
82 4 193
83 4 189
84 4 183
85 4 177
86 4 173
87 4 171
88 4 172
89 4 175
90 4 177
91 4 176
92 4 173
93 4 172
94 4 174
95 4 178
96 4 161
97 4 151
98 4 147
99 4 155
100 4 160
101 4 155
102 4 145
103 4 140
104 4 133
105 4 135
106 4 136
107 4 134
108 4 132
109 4 133
110 4 135
111 4 136
112 4 134
113 4 134
114 4 142
115 4 156
0 5 187
1 5 192
2 5 192
3 5 181
4 5 169
5 5 168
6 5 182
7 5 196
8 5 199
9 5 196
10 5 195
11 5 194
12 5 187
13 5 175
14 5 167
15 5 165
16 5 173
17 5 185
18 5 189
19 5 190
20 5 188
21 5 172
22 5 161
23 5 168
24 5 197
25 5 194
26 5 191
27 5 192
28 5 197
29 5 198
30 5 186
31 5 172
32 5 190
33 5 192
34 5 198
35 5 206
36 5 214
37 5 217
38 5 217
39 5 215
40 5 218
41 5 212
42 5 211
43 5 217
44 5 225
45 5 229
46 5 232
47 5 235
48 5 233
49 5 235
50 5 231
51 5 220
52 5 212
53 5 212
54 5 216
55 5 218
56 5 240
57 5 235
58 5 250
59 5 250
60 5 252
61 5 255
62 5 247
63 5 255
64 5 244
65 5 235
66 5 232
67 5 235
68 5 233
69 5 222
70 5 215
71 5 217
72 5 211
73 5 214
74 5 215
75 5 214
76 5 214
77 5 211
78 5 199
79 5 187
80 5 193
81 5 197
82 5 196
83 5 189
84 5 183
85 5 181
86 5 178
87 5 175
88 5 170
89 5 172
90 5 174
91 5 175
92 5 174
93 5 174
94 5 174
95 5 175
96 5 167
97 5 151
98 5 144
99 5 153
100 5 161
101 5 154
102 5 141
103 5 133
104 5 141
105 5 143
106 5 141
107 5 135
108 5 131
109 5 132
110 5 134
111 5 133
112 5 135
113 5 132
114 5 137
115 5 151
0 6 180
1 6 182
2 6 181
3 6 176
4 6 171
5 6 171
6 6 178
7 6 185
8 6 198
9 6 195
10 6 195
11 6 196
12 6 189
13 6 176
14 6 164
15 6 160
16 6 168
17 6 177
18 6 179
19 6 178
20 6 176
21 6 164
22 6 159
23 6 171
24 6 189
25 6 193
26 6 194
27 6 193
28 6 196
29 6 196
30 6 186
31 6 173
32 6 188
33 6 190
34 6 194
35 6 200
36 6 208
37 6 214
38 6 215
39 6 212
40 6 219
41 6 213
42 6 211
43 6 215
44 6 217
45 6 217
46 6 223
47 6 232
48 6 229
49 6 236
50 6 236
51 6 224
52 6 213
53 6 211
54 6 216
55 6 220
56 6 240
57 6 234
58 6 250
59 6 253
60 6 254
61 6 254
62 6 242
63 6 251
64 6 253
65 6 239
66 6 232
67 6 237
68 6 237
69 6 225
70 6 216
71 6 216
72 6 212
73 6 214
74 6 215
75 6 214
76 6 215
77 6 214
78 6 205
79 6 195
80 6 203
81 6 206
82 6 204
83 6 194
84 6 188
85 6 189
86 6 189
87 6 185
88 6 175
89 6 173
90 6 172
91 6 172
92 6 173
93 6 174
94 6 173
95 6 172
96 6 174
97 6 156
98 6 146
99 6 153
100 6 157
101 6 149
102 6 140
103 6 137
104 6 151
105 6 153
106 6 149
107 6 138
108 6 133
109 6 134
110 6 135
111 6 132
112 6 137
113 6 130
114 6 131
115 6 142
0 7 175
1 7 173
2 7 172
3 7 172
4 7 175
5 7 176
6 7 176
7 7 175
8 7 189
9 7 188
10 7 191
11 7 195
12 7 191
13 7 177
14 7 163
15 7 157
16 7 165
17 7 172
18 7 171
19 7 167
20 7 166
21 7 157
22 7 158
23 7 173
24 7 178
25 7 189
26 7 196
27 7 195
28 7 193
29 7 192
30 7 183
31 7 172
32 7 187
33 7 188
34 7 190
35 7 194
36 7 204
37 7 213
38 7 215
39 7 213
40 7 213
41 7 211
42 7 214
43 7 219
44 7 217
45 7 212
46 7 214
47 7 222
48 7 227
49 7 237
50 7 239
51 7 227
52 7 213
53 7 210
54 7 216
55 7 221
56 7 237
57 7 231
58 7 249
59 7 254
60 7 255
61 7 252
62 7 236
63 7 244
64 7 255
65 7 243
66 7 233
67 7 239
68 7 240
69 7 228
70 7 217
71 7 214
72 7 214
73 7 215
74 7 214
75 7 212
76 7 215
77 7 217
78 7 212
79 7 203
80 7 211
81 7 215
82 7 211
83 7 200
84 7 194
85 7 197
86 7 197
87 7 194
88 7 183
89 7 178
90 7 172
91 7 170
92 7 172
93 7 174
94 7 173
95 7 172
96 7 179
97 7 161
98 7 149
99 7 152
100 7 153
101 7 144
102 7 140
103 7 143
104 7 154
105 7 157
106 7 152
107 7 140
108 7 134
109 7 136
110 7 137
111 7 134
112 7 138
113 7 131
114 7 134
115 7 147
0 8 176
1 8 176
2 8 175
3 8 172
4 8 170
5 8 170
6 8 173
7 8 176
8 8 175
9 8 177
10 8 180
11 8 183
12 8 182
13 8 175
14 8 166
15 8 159
16 8 154
17 8 168
18 8 179
19 8 173
20 8 158
21 8 151
22 8 161
23 8 174
24 8 170
25 8 185
26 8 193
27 8 190
28 8 196
29 8 203
30 8 190
31 8 168
32 8 178
33 8 184
34 8 190
35 8 194
36 8 204
37 8 214
38 8 210
39 8 200
40 8 211
41 8 216
42 8 217
43 8 213
44 8 211
45 8 214
46 8 215
47 8 213
48 8 218
49 8 227
50 8 236
51 8 236
52 8 222
53 8 210
54 8 212
55 8 222
56 8 235
57 8 237
58 8 243
59 8 253
60 8 255
61 8 255
62 8 243
63 8 232
64 8 254
65 8 255
66 8 248
67 8 233
68 8 228
69 8 231
70 8 224
71 8 210
72 8 214
73 8 214
74 8 214
75 8 214
76 8 214
77 8 214
78 8 214
79 8 214
80 8 214
81 8 215
82 8 213
83 8 206
84 8 196
85 8 190
86 8 191
87 8 193
88 8 191
89 8 192
90 8 186
91 8 174
92 8 169
93 8 173
94 8 175
95 8 172
96 8 177
97 8 173
98 8 151
99 8 143
100 8 148
101 8 133
102 8 127
103 8 152
104 8 153
105 8 156
106 8 149
107 8 135
108 8 131
109 8 137
110 8 139
111 8 133
112 8 138
113 8 130
114 8 146
115 8 171
0 9 172
1 9 173
2 9 173
3 9 172
4 9 170
5 9 171
6 9 175
7 9 178
8 9 172
9 9 174
10 9 177
11 9 180
12 9 179
13 9 172
14 9 163
15 9 156
16 9 154
17 9 164
18 9 171
19 9 166
20 9 155
21 9 153
22 9 164
23 9 177
24 9 170
25 9 187
26 9 195
27 9 191
28 9 192
29 9 198
30 9 190
31 9 173
32 9 169
33 9 177
34 9 185
35 9 190
36 9 197
37 9 203
38 9 200
39 9 192
40 9 207
41 9 213
42 9 216
43 9 214
44 9 212
45 9 214
46 9 214
47 9 212
48 9 217
49 9 225
50 9 235
51 9 238
52 9 229
53 9 218
54 9 217
55 9 224
56 9 233
57 9 234
58 9 237
59 9 242
60 9 246
61 9 244
62 9 237
63 9 231
64 9 249
65 9 254
66 9 249
67 9 238
68 9 233
69 9 234
70 9 225
71 9 210
72 9 214
73 9 214
74 9 214
75 9 214
76 9 214
77 9 214
78 9 214
79 9 214
80 9 210
81 9 212
82 9 214
83 9 214
84 9 211
85 9 205
86 9 198
87 9 194
88 9 194
89 9 192
90 9 184
91 9 173
92 9 170
93 9 175
94 9 175
95 9 171
96 9 173
97 9 174
98 9 158
99 9 148
100 9 153
101 9 144
102 9 141
103 9 159
104 9 156
105 9 157
106 9 149
107 9 136
108 9 131
109 9 135
110 9 136
111 9 132
112 9 134
113 9 129
114 9 149
115 9 176
0 10 171
1 10 171
2 10 171
3 10 169
4 10 168
5 10 169
6 10 173
7 10 177
8 10 171
9 10 172
10 10 175
11 10 176
12 10 175
13 10 168
14 10 159
15 10 152
16 10 155
17 10 159
18 10 160
19 10 156
20 10 151
21 10 155
22 10 167
23 10 178
24 10 170
25 10 188
26 10 197
27 10 192
28 10 190
29 10 193
30 10 188
31 10 176
32 10 166
33 10 176
34 10 185
35 10 189
36 10 192
37 10 196
38 10 195
39 10 192
40 10 200
41 10 208
42 10 215
43 10 215
44 10 215
45 10 216
46 10 215
47 10 211
48 10 214
49 10 218
50 10 228
51 10 235
52 10 231
53 10 222
54 10 219
55 10 221
56 10 232
57 10 233
58 10 234
59 10 235
60 10 235
61 10 234
62 10 233
63 10 232
64 10 242
65 10 248
66 10 248
67 10 240
68 10 236
69 10 235
70 10 225
71 10 212
72 10 214
73 10 214
74 10 214
75 10 214
76 10 214
77 10 214
78 10 214
79 10 214
80 10 211
81 10 211
82 10 212
83 10 215
84 10 217
85 10 215
86 10 209
87 10 204
88 10 199
89 10 192
90 10 180
91 10 172
92 10 174
93 10 179
94 10 179
95 10 174
96 10 169
97 10 177
98 10 167
99 10 153
100 10 154
101 10 153
102 10 151
103 10 159
104 10 158
105 10 155
106 10 147
107 10 136
108 10 131
109 10 133
110 10 134
111 10 133
112 10 136
113 10 131
114 10 149
115 10 172
0 11 173
1 11 171
2 11 167
3 11 163
4 11 161
5 11 164
6 11 171
7 11 176
8 11 175
9 11 175
10 11 175
11 11 175
12 11 172
13 11 164
14 11 154
15 11 147
16 11 155
17 11 155
18 11 153
19 11 150
20 11 150
21 11 155
22 11 165
23 11 174
24 11 172
25 11 185
26 11 193
27 11 192
28 11 192
29 11 194
30 11 184
31 11 170
32 11 166
33 11 174
34 11 182
35 11 185
36 11 185
37 11 187
38 11 191
39 11 195
40 11 195
41 11 205
42 11 213
43 11 215
44 11 216
45 11 218
46 11 216
47 11 212
48 11 213
49 11 212
50 11 217
51 11 224
52 11 225
53 11 219
54 11 215
55 11 215
56 11 233
57 11 234
58 11 235
59 11 235
60 11 233
61 11 233
62 11 234
63 11 235
64 11 236
65 11 241
66 11 241
67 11 235
68 11 231
69 11 229
70 11 222
71 11 213
72 11 214
73 11 214
74 11 214
75 11 214
76 11 214
77 11 214
78 11 214
79 11 214
80 11 215
81 11 214
82 11 213
83 11 211
84 11 211
85 11 212
86 11 215
87 11 217
88 11 201
89 11 190
90 11 177
91 11 174
92 11 180
93 11 187
94 11 187
95 11 182
96 11 168
97 11 179
98 11 174
99 11 156
100 11 152
101 11 156
102 11 155
103 11 151
104 11 157
105 11 151
106 11 143
107 11 137
108 11 133
109 11 132
110 11 135
111 11 138
112 11 134
113 11 124
114 11 130
115 11 141
0 12 169
1 12 166
2 12 160
3 12 155
4 12 155
5 12 161
6 12 171
7 12 178
8 12 178
9 12 178
10 12 176
11 12 174
12 12 169
13 12 160
14 12 150
15 12 143
16 12 156
17 12 154
18 12 150
19 12 148
20 12 149
21 12 154
22 12 161
23 12 166
24 12 173
25 12 179
26 12 185
27 12 189
28 12 195
29 12 195
30 12 179
31 12 160
32 12 164
33 12 168
34 12 173
35 12 175
36 12 174
37 12 176
38 12 185
39 12 194
40 12 193
41 12 202
42 12 210
43 12 213
44 12 215
45 12 217
46 12 216
47 12 213
48 12 217
49 12 211
50 12 210
51 12 214
52 12 217
53 12 214
54 12 212
55 12 212
56 12 229
57 12 232
58 12 235
59 12 236
60 12 235
61 12 234
62 12 234
63 12 235
64 12 233
65 12 235
66 12 232
67 12 226
68 12 221
69 12 220
70 12 218
71 12 215
72 12 214
73 12 214
74 12 214
75 12 214
76 12 214
77 12 214
78 12 214
79 12 214
80 12 214
81 12 219
82 12 223
83 12 219
84 12 212
85 12 209
86 12 214
87 12 221
88 12 200
89 12 187
90 12 176
91 12 178
92 12 188
93 12 195
94 12 195
95 12 191
96 12 171
97 12 178
98 12 176
99 12 161
100 12 154
101 12 163
102 12 163
103 12 149
104 12 155
105 12 145
106 12 137
107 12 137
108 12 135
109 12 132
110 12 136
111 12 145
112 12 154
113 12 142
114 12 141
115 12 143
0 13 159
1 13 157
2 13 154
3 13 151
4 13 153
5 13 160
6 13 170
7 13 178
8 13 175
9 13 174
10 13 172
11 13 169
12 13 164
13 13 156
14 13 146
15 13 138
16 13 157
17 13 153
18 13 149
19 13 146
20 13 146
21 13 152
22 13 159
23 13 164
24 13 173
25 13 175
26 13 177
27 13 183
28 13 192
29 13 191
30 13 173
31 13 153
32 13 164
33 13 165
34 13 169
35 13 172
36 13 172
37 13 174
38 13 184
39 13 195
40 13 191
41 13 199
42 13 205
43 13 206
44 13 208
45 13 213
46 13 215
47 13 213
48 13 221
49 13 214
50 13 210
51 13 213
52 13 215
53 13 213
54 13 212
55 13 213
56 13 221
57 13 223
58 13 227
59 13 231
60 13 233
61 13 234
62 13 233
63 13 232
64 13 235
65 13 233
66 13 228
67 13 221
68 13 215
69 13 213
70 13 215
71 13 217
72 13 214
73 13 214
74 13 214
75 13 214
76 13 214
77 13 214
78 13 214
79 13 214
80 13 209
81 13 222
82 13 235
83 13 234
84 13 223
85 13 212
86 13 211
87 13 214
88 13 197
89 13 185
90 13 177
91 13 182
92 13 193
93 13 198
94 13 198
95 13 196
96 13 178
97 13 175
98 13 175
99 13 167
100 13 161
101 13 173
102 13 175
103 13 155
104 13 154
105 13 140
106 13 133
107 13 137
108 13 136
109 13 131
110 13 137
111 13 150
112 13 168
113 13 162
114 13 169
115 13 174
0 14 152
1 14 153
2 14 154
3 14 153
4 14 154
5 14 157
6 14 162
7 14 166
8 14 165
9 14 164
10 14 162
11 14 160
12 14 157
13 14 150
14 14 141
15 14 135
16 14 158
17 14 154
18 14 147
19 14 142
20 14 142
21 14 149
22 14 161
23 14 169
24 14 173
25 14 172
26 14 173
27 14 177
28 14 182
29 14 181
30 14 168
31 14 154
32 14 161
33 14 161
34 14 166
35 14 174
36 14 176
37 14 176
38 14 182
39 14 192
40 14 189
41 14 195
42 14 198
43 14 197
44 14 199
45 14 206
46 14 211
47 14 212
48 14 219
49 14 213
50 14 211
51 14 215
52 14 216
53 14 214
54 14 213
55 14 214
56 14 216
57 14 215
58 14 217
59 14 222
60 14 229
61 14 234
62 14 233
63 14 231
64 14 238
65 14 235
66 14 230
67 14 223
68 14 216
69 14 212
70 14 214
71 14 218
72 14 214
73 14 214
74 14 214
75 14 214
76 14 214
77 14 214
78 14 214
79 14 214
80 14 210
81 14 222
82 14 234
83 14 236
84 14 226
85 14 215
86 14 209
87 14 208
88 14 195
89 14 184
90 14 179
91 14 186
92 14 194
93 14 195
94 14 194
95 14 195
96 14 190
97 14 174
98 14 173
99 14 173
100 14 168
101 14 178
102 14 180
103 14 158
104 14 156
105 14 139
106 14 131
107 14 138
108 14 137
109 14 128
110 14 135
111 14 151
112 14 163
113 14 160
114 14 168
115 14 175
0 15 153
1 15 155
2 15 158
3 15 158
4 15 155
5 15 152
6 15 151
7 15 151
8 15 155
9 15 154
10 15 154
11 15 153
12 15 151
13 15 146
14 15 139
15 15 133
16 15 159
17 15 154
18 15 145
19 15 138
20 15 138
21 15 148
22 15 163
23 15 175
24 15 172
25 15 172
26 15 172
27 15 172
28 15 173
29 15 172
30 15 166
31 15 159
32 15 152
33 15 152
34 15 159
35 15 171
36 15 175
37 15 173
38 15 176
39 15 183
40 15 188
41 15 192
42 15 193
43 15 190
44 15 193
45 15 201
46 15 208
47 15 210
48 15 213
49 15 210
50 15 211
51 15 216
52 15 217
53 15 214
54 15 212
55 15 214
56 15 216
57 15 212
58 15 211
59 15 217
60 15 227
61 15 234
62 15 235
63 15 233
64 15 241
65 15 238
66 15 234
67 15 228
68 15 219
69 15 213
70 15 214
71 15 219
72 15 214
73 15 214
74 15 214
75 15 214
76 15 214
77 15 214
78 15 214
79 15 214
80 15 215
81 15 220
82 15 225
83 15 226
84 15 220
85 15 213
86 15 209
87 15 207
88 15 194
89 15 184
90 15 180
91 15 187
92 15 193
93 15 192
94 15 190
95 15 192
96 15 200
97 15 176
98 15 172
99 15 175
100 15 169
101 15 177
102 15 177
103 15 153
104 15 159
105 15 140
106 15 131
107 15 138
108 15 136
109 15 126
110 15 132
111 15 150
112 15 184
113 15 176
114 15 175
115 15 172
0 16 153
1 16 154
2 16 154
3 16 153
4 16 151
5 16 152
6 16 155
7 16 157
8 16 148
9 16 155
10 16 163
11 16 160
12 16 145
13 16 130
14 16 130
15 16 138
16 16 142
17 16 142
18 16 133
19 16 133
20 16 147
21 16 153
22 16 158
23 16 172
24 16 171
25 16 180
26 16 176
27 16 171
28 16 179
29 16 176
30 16 158
31 16 148
32 16 148
33 16 158
34 16 171
35 16 177
36 16 176
37 16 173
38 16 172
39 16 173
40 16 191
41 16 191
42 16 193
43 16 193
44 16 193
45 16 196
46 16 206
47 16 216
48 16 217
49 16 218
50 16 211
51 16 212
52 16 221
53 16 218
54 16 210
55 16 214
56 16 213
57 16 212
58 16 213
59 16 219
60 16 228
61 16 233
62 16 234
63 16 233
64 16 244
65 16 242
66 16 231
67 16 218
68 16 222
69 16 235
70 16 236
71 16 226
72 16 214
73 16 216
74 16 215
75 16 211
76 16 211
77 16 216
78 16 218
79 16 216
80 16 207
81 16 212
82 16 216
83 16 216
84 16 217
85 16 216
86 16 209
87 16 200
88 16 194
89 16 177
90 16 174
91 16 190
92 16 199
93 16 192
94 16 189
95 16 196
96 16 192
97 16 187
98 16 176
99 16 169
100 16 173
101 16 178
102 16 170
103 16 157
104 16 148
105 16 136
106 16 126
107 16 128
108 16 134
109 16 136
110 16 135
111 16 134
112 16 159
113 16 138
114 16 142
115 16 163
0 17 158
1 17 156
2 17 153
3 17 150
4 17 150
5 17 152
6 17 153
7 17 155
8 17 158
9 17 156
10 17 154
11 17 148
12 17 136
13 17 127
14 17 128
15 17 135
16 17 121
17 17 127
18 17 128
19 17 136
20 17 153
21 17 156
22 17 153
23 17 159
24 17 165
25 17 177
26 17 176
27 17 170
28 17 174
29 17 169
30 17 155
31 17 150
32 17 151
33 17 157
34 17 166
35 17 172
36 17 174
37 17 174
38 17 174
39 17 175
40 17 187
41 17 192
42 17 197
43 17 197
44 17 193
45 17 192
46 17 200
47 17 209
48 17 210
49 17 218
50 17 215
51 17 211
52 17 217
53 17 216
54 17 212
55 17 217
56 17 215
57 17 214
58 17 213
59 17 216
60 17 221
61 17 227
62 17 232
63 17 234
64 17 236
65 17 238
66 17 231
67 17 222
68 17 225
69 17 236
70 17 238
71 17 230
72 17 214
73 17 217
74 17 216
75 17 211
76 17 211
77 17 215
78 17 216
79 17 213
80 17 212
81 17 216
82 17 217
83 17 215
84 17 215
85 17 215
86 17 208
87 17 200
88 17 189
89 17 175
90 17 176
91 17 193
92 17 202
93 17 195
94 17 190
95 17 195
96 17 195
97 17 189
98 17 177
99 17 170
100 17 172
101 17 176
102 17 169
103 17 157
104 17 149
105 17 139
106 17 130
107 17 131
108 17 134
109 17 133
110 17 131
111 17 131
112 17 142
113 17 129
114 17 142
115 17 167
0 18 155
1 18 151
2 18 147
3 18 147
4 18 150
5 18 154
6 18 154
7 18 153
8 18 157
9 18 150
10 18 143
11 18 138
12 18 130
13 18 121
14 18 120
15 18 123
16 18 115
17 18 123
18 18 125
19 18 135
20 18 154
21 18 157
22 18 150
23 18 151
24 18 155
25 18 169
26 18 170
27 18 164
28 18 165
29 18 158
30 18 147
31 18 147
32 18 154
33 18 156
34 18 160
35 18 166
36 18 172
37 18 175
38 18 176
39 18 175
40 18 183
41 18 191
42 18 198
43 18 198
44 18 193
45 18 190
46 18 193
47 18 198
48 18 201
49 18 218
50 18 219
51 18 211
52 18 213
53 18 215
54 18 212
55 18 216
56 18 217
57 18 216
58 18 213
59 18 212
60 18 213
61 18 219
62 18 228
63 18 234
64 18 231
65 18 235
66 18 233
67 18 227
68 18 229
69 18 237
70 18 236
71 18 227
72 18 214
73 18 217
74 18 217
75 18 213
76 18 212
77 18 215
78 18 214
79 18 211
80 18 214
81 18 217
82 18 217
83 18 213
84 18 212
85 18 210
86 18 203
87 18 195
88 18 181
89 18 172
90 18 176
91 18 195
92 18 204
93 18 197
94 18 192
95 18 195
96 18 198
97 18 190
98 18 179
99 18 171
100 18 172
101 18 173
102 18 166
103 18 156
104 18 145
105 18 138
106 18 133
107 18 135
108 18 135
109 18 132
110 18 131
111 18 133
112 18 133
113 18 128
114 18 148
115 18 175
0 19 143
1 19 140
2 19 138
3 19 143
4 19 151
5 19 155
6 19 154
7 19 150
8 19 142
9 19 139
10 19 137
11 19 136
12 19 128
13 19 117
14 19 112
15 19 113
16 19 131
17 19 135
18 19 129
19 19 131
20 19 148
21 19 155
22 19 151
23 19 152
24 19 149
25 19 159
26 19 158
27 19 155
28 19 158
29 19 151
30 19 140
31 19 140
32 19 155
33 19 155
34 19 157
35 19 164
36 19 173
37 19 178
38 19 176
39 19 172
40 19 181
41 19 187
42 19 191
43 19 191
44 19 191
45 19 193
46 19 193
47 19 191
48 19 196
49 19 216
50 19 219
51 19 211
52 19 215
53 19 216
54 19 209
55 19 205
56 19 216
57 19 216
58 19 215
59 19 212
60 19 210
61 19 213
62 19 222
63 19 229
64 19 233
65 19 233
66 19 230
67 19 229
68 19 234
69 19 237
70 19 229
71 19 217
72 19 213
73 19 217
74 19 217
75 19 214
76 19 214
77 19 216
78 19 216
79 19 213
80 19 212
81 19 216
82 19 216
83 19 213
84 19 209
85 19 205
86 19 195
87 19 185
88 19 176
89 19 170
90 19 175
91 19 192
92 19 201
93 19 197
94 19 193
95 19 196
96 19 199
97 19 191
98 19 179
99 19 172
100 19 171
101 19 170
102 19 163
103 19 155
104 19 139
105 19 135
106 19 134
107 19 136
108 19 136
109 19 134
110 19 134
111 19 138
112 19 134
113 19 129
114 19 149
115 19 175
0 20 133
1 20 132
2 20 134
3 20 141
4 20 149
5 20 151
6 20 146
7 20 140
8 20 132
9 20 132
10 20 134
11 20 132
12 20 123
13 20 114
14 20 114
15 20 121
16 20 138
17 20 143
18 20 134
19 20 130
20 20 145
21 20 154
22 20 152
23 20 154
24 20 151
25 20 154
26 20 150
27 20 150
28 20 159
29 20 151
30 20 137
31 20 136
32 20 155
33 20 154
34 20 157
35 20 165
36 20 175
37 20 177
38 20 172
39 20 165
40 20 179
41 20 180
42 20 179
43 20 179
44 20 187
45 20 197
46 20 196
47 20 189
48 20 196
49 20 211
50 20 213
51 20 210
52 20 218
53 20 217
54 20 202
55 20 194
56 20 213
57 20 215
58 20 216
59 20 214
60 20 211
61 20 212
62 20 216
63 20 220
64 20 232
65 20 226
66 20 222
67 20 225
68 20 235
69 20 238
70 20 226
71 20 210
72 20 212
73 20 216
74 20 216
75 20 213
76 20 213
77 20 217
78 20 218
79 20 215
80 20 211
81 20 216
82 20 218
83 20 215
84 20 210
85 20 203
86 20 190
87 20 177
88 20 174
89 20 169
90 20 173
91 20 187
92 20 195
93 20 194
94 20 194
95 20 197
96 20 197
97 20 188
98 20 178
99 20 174
100 20 172
101 20 167
102 20 159
103 20 154
104 20 140
105 20 136
106 20 134
107 20 137
108 20 137
109 20 134
110 20 134
111 20 138
112 20 136
113 20 129
114 20 145
115 20 168
0 21 133
1 21 133
2 21 135
3 21 139
4 21 143
5 21 142
6 21 136
7 21 131
8 21 132
9 21 130
10 21 127
11 21 122
12 21 115
13 21 112
14 21 122
15 21 135
16 21 124
17 21 137
18 21 136
19 21 133
20 21 146
21 21 154
22 21 152
23 21 152
24 21 157
25 21 156
26 21 149
27 21 151
28 21 161
29 21 152
30 21 137
31 21 136
32 21 154
33 21 153
34 21 156
35 21 163
36 21 170
37 21 171
38 21 165
39 21 158
40 21 173
41 21 174
42 21 171
43 21 171
44 21 182
45 21 197
46 21 199
47 21 191
48 21 197
49 21 204
50 21 203
51 21 208
52 21 218
53 21 211
54 21 196
55 21 192
56 21 212
57 21 214
58 21 215
59 21 215
60 21 214
61 21 213
62 21 213
63 21 213
64 21 225
65 21 217
66 21 213
67 21 220
68 21 232
69 21 235
70 21 224
71 21 212
72 21 212
73 21 214
74 21 213
75 21 209
76 21 209
77 21 214
78 21 216
79 21 214
80 21 213
81 21 217
82 21 219
83 21 215
84 21 210
85 21 202
86 21 188
87 21 174
88 21 173
89 21 171
90 21 175
91 21 186
92 21 192
93 21 193
94 21 193
95 21 196
96 21 190
97 21 182
98 21 176
99 21 176
100 21 173
101 21 165
102 21 157
103 21 153
104 21 148
105 21 141
106 21 136
107 21 136
108 21 136
109 21 132
110 21 131
111 21 132
112 21 140
113 21 137
114 21 153
115 21 173
0 22 135
1 22 135
2 22 135
3 22 136
4 22 135
5 22 134
6 22 133
7 22 131
8 22 128
9 22 122
10 22 116
11 22 113
12 22 111
13 22 112
14 22 120
15 22 130
16 22 115
17 22 133
18 22 135
19 22 131
20 22 141
21 22 151
22 22 151
23 22 153
24 22 156
25 22 156
26 22 151
27 22 153
28 22 158
29 22 146
30 22 134
31 22 138
32 22 153
33 22 153
34 22 154
35 22 157
36 22 161
37 22 161
38 22 157
39 22 152
40 22 163
41 22 171
42 22 173
43 22 170
44 22 176
45 22 191
46 22 197
47 22 193
48 22 195
49 22 196
50 22 195
51 22 204
52 22 212
53 22 201
54 22 193
55 22 204
56 22 214
57 22 213
58 22 213
59 22 214
60 22 215
61 22 214
62 22 212
63 22 210
64 22 218
65 22 213
66 22 212
67 22 217
68 22 223
69 22 223
70 22 219
71 22 216
72 22 214
73 22 214
74 22 210
75 22 203
76 22 202
77 22 207
78 22 210
79 22 209
80 22 214
81 22 216
82 22 214
83 22 207
84 22 202
85 22 195
86 22 184
87 22 173
88 22 173
89 22 175
90 22 181
91 22 190
92 22 195
93 22 195
94 22 193
95 22 193
96 22 183
97 22 176
98 22 174
99 22 177
100 22 174
101 22 164
102 22 155
103 22 152
104 22 154
105 22 143
106 22 134
107 22 134
108 22 136
109 22 133
110 22 131
111 22 130
112 22 140
113 22 146
114 22 169
115 22 185
0 23 134
1 23 134
2 23 134
3 23 132
4 23 131
5 23 132
6 23 136
7 23 139
8 23 118
9 23 111
10 23 107
11 23 110
12 23 113
13 23 113
14 23 112
15 23 114
16 23 118
17 23 136
18 23 136
19 23 126
20 23 134
21 23 145
22 23 151
23 23 158
24 23 150
25 23 154
26 23 151
27 23 152
28 23 153
29 23 138
30 23 129
31 23 138
32 23 154
33 23 152
34 23 151
35 23 151
36 23 152
37 23 152
38 23 151
39 23 150
40 23 154
41 23 170
42 23 178
43 23 173
44 23 173
45 23 186
46 23 195
47 23 194
48 23 193
49 23 191
50 23 191
51 23 201
52 23 207
53 23 193
54 23 193
55 23 216
56 23 217
57 23 214
58 23 211
59 23 211
60 23 214
61 23 215
62 23 213
63 23 210
64 23 216
65 23 215
66 23 216
67 23 217
68 23 214
69 23 211
70 23 212
71 23 216
72 23 215
73 23 214
74 23 208
75 23 199
76 23 196
77 23 201
78 23 204
79 23 203
80 23 212
81 23 212
82 23 206
83 23 198
84 23 192
85 23 188
86 23 180
87 23 171
88 23 173
89 23 177
90 23 186
91 23 196
92 23 200
93 23 197
94 23 193
95 23 190
96 23 178
97 23 172
98 23 172
99 23 177
100 23 175
101 23 163
102 23 154
103 23 152
104 23 154
105 23 141
106 23 130
107 23 132
108 23 136
109 23 137
110 23 134
111 23 133
112 23 133
113 23 148
114 23 176
115 23 188
0 24 132
1 24 132
2 24 132
3 24 134
4 24 135
5 24 132
6 24 126
7 24 122
8 24 113
9 24 118
10 24 113
11 24 102
12 24 103
13 24 114
14 24 117
15 24 110
16 24 127
17 24 131
18 24 136
19 24 138
20 24 136
21 24 136
22 24 137
23 24 140
24 24 153
25 24 151
26 24 150
27 24 159
28 24 160
29 24 135
30 24 120
31 24 131
32 24 136
33 24 153
34 24 162
35 24 155
36 24 150
37 24 155
38 24 157
39 24 152
40 24 155
41 24 164
42 24 175
43 24 178
44 24 176
45 24 173
46 24 175
47 24 178
48 24 191
49 24 195
50 24 197
51 24 191
52 24 184
53 24 186
54 24 199
55 24 212
56 24 212
57 24 214
58 24 215
59 24 213
60 24 213
61 24 215
62 24 216
63 24 214
64 24 209
65 24 211
66 24 213
67 24 213
68 24 212
69 24 212
70 24 213
71 24 215
72 24 212
73 24 213
74 24 212
75 24 205
76 24 196
77 24 193
78 24 198
79 24 204
80 24 209
81 24 201
82 24 193
83 24 191
84 24 192
85 24 190
86 24 181
87 24 173
88 24 173
89 24 176
90 24 186
91 24 197
92 24 195
93 24 183
94 24 175
95 24 176
96 24 174
97 24 169
98 24 171
99 24 175
100 24 172
101 24 161
102 24 155
103 24 156
104 24 142
105 24 139
106 24 136
107 24 136
108 24 137
109 24 137
110 24 135
111 24 133
112 24 134
113 24 139
114 24 155
115 24 176
0 25 135
1 25 133
2 25 130
3 25 127
4 25 125
5 25 122
6 25 117
7 25 113
8 25 112
9 25 118
10 25 116
11 25 105
12 25 102
13 25 110
14 25 113
15 25 108
16 25 114
17 25 120
18 25 127
19 25 131
20 25 132
21 25 132
22 25 133
23 25 134
24 25 134
25 25 133
26 25 133
27 25 144
28 25 149
29 25 131
30 25 123
31 25 137
32 25 142
33 25 149
34 25 158
35 25 161
36 25 154
37 25 148
38 25 150
39 25 157
40 25 153
41 25 157
42 25 164
43 25 170
44 25 174
45 25 177
46 25 179
47 25 180
48 25 183
49 25 185
50 25 186
51 25 184
52 25 184
53 25 190
54 25 201
55 25 211
56 25 213
57 25 215
58 25 216
59 25 215
60 25 214
61 25 214
62 25 214
63 25 213
64 25 216
65 25 215
66 25 214
67 25 214
68 25 214
69 25 215
70 25 216
71 25 216
72 25 212
73 25 208
74 25 202
75 25 197
76 25 195
77 25 194
78 25 195
79 25 196
80 25 199
81 25 196
82 25 194
83 25 196
84 25 197
85 25 191
86 25 180
87 25 171
88 25 176
89 25 176
90 25 182
91 25 188
92 25 186
93 25 176
94 25 171
95 25 173
96 25 177
97 25 174
98 25 175
99 25 176
100 25 170
101 25 159
102 25 153
103 25 154
104 25 140
105 25 137
106 25 134
107 25 133
108 25 134
109 25 135
110 25 135
111 25 134
112 25 132
113 25 133
114 25 143
115 25 157
0 26 135
1 26 130
2 26 124
3 26 119
4 26 116
5 26 115
6 26 113
7 26 111
8 26 108
9 26 117
10 26 117
11 26 107
12 26 101
13 26 106
14 26 111
15 26 111
16 26 110
17 26 116
18 26 126
19 26 133
20 26 135
21 26 134
22 26 133
23 26 132
24 26 134
25 26 133
26 26 131
27 26 137
28 26 140
29 26 125
30 26 119
31 26 134
32 26 139
33 26 138
34 26 147
35 26 156
36 26 148
37 26 134
38 26 139
39 26 156
40 26 153
41 26 153
42 26 155
43 26 161
44 26 169
45 26 175
46 26 176
47 26 176
48 26 170
49 26 171
50 26 173
51 26 177
52 26 184
53 26 194
54 26 204
55 26 211
56 26 213
57 26 215
58 26 217
59 26 217
60 26 214
61 26 210
62 26 209
63 26 210
64 26 219
65 26 216
66 26 212
67 26 212
68 26 215
69 26 216
70 26 214
71 26 212
72 26 209
73 26 201
74 26 192
75 26 190
76 26 193
77 26 195
78 26 193
79 26 189
80 26 190
81 26 192
82 26 196
83 26 200
84 26 199
85 26 191
86 26 180
87 26 171
88 26 175
89 26 174
90 26 176
91 26 179
92 26 176
93 26 171
94 26 170
95 26 174
96 26 176
97 26 176
98 26 177
99 26 175
100 26 167
101 26 156
102 26 152
103 26 154
104 26 135
105 26 135
106 26 134
107 26 133
108 26 133
109 26 134
110 26 135
111 26 135
112 26 133
113 26 131
114 26 132
115 26 137
0 27 127
1 27 121
2 27 115
3 27 111
4 27 111
5 27 113
6 27 115
7 27 116
8 27 108
9 27 116
10 27 117
11 27 106
12 27 98
13 27 102
14 27 113
15 27 119
16 27 112
17 27 119
18 27 128
19 27 136
20 27 139
21 27 137
22 27 133
23 27 131
24 27 137
25 27 138
26 27 135
27 27 137
28 27 137
29 27 121
30 27 114
31 27 128
32 27 132
33 27 133
34 27 138
35 27 142
36 27 136
37 27 130
38 27 140
39 27 155
40 27 155
41 27 155
42 27 155
43 27 157
44 27 160
45 27 163
46 27 166
47 27 167
48 27 159
49 27 163
50 27 168
51 27 174
52 27 181
53 27 192
54 27 204
55 27 213
56 27 212
57 27 213
58 27 216
59 27 216
60 27 211
61 27 205
62 27 203
63 27 206
64 27 217
65 27 213
66 27 210
67 27 211
68 27 215
69 27 214
70 27 208
71 27 201
72 27 203
73 27 196
74 27 189
75 27 188
76 27 191
77 27 195
78 27 194
79 27 192
80 27 191
81 27 194
82 27 197
83 27 197
84 27 194
85 27 187
86 27 180
87 27 174
88 27 171
89 27 171
90 27 173
91 27 174
92 27 173
93 27 172
94 27 173
95 27 176
96 27 173
97 27 174
98 27 175
99 27 171
100 27 161
101 27 153
102 27 151
103 27 153
104 27 130
105 27 134
106 27 138
107 27 139
108 27 137
109 27 135
110 27 134
111 27 135
112 27 137
113 27 134
114 27 132
115 27 131
0 28 116
1 28 111
2 28 105
3 28 102
4 28 103
5 28 108
6 28 112
7 28 114
8 28 113
9 28 118
10 28 116
11 28 103
12 28 93
13 28 96
14 28 110
15 28 121
16 28 109
17 28 115
18 28 124
19 28 132
20 28 137
21 28 137
22 28 134
23 28 131
24 28 128
25 28 134
26 28 133
27 28 134
28 28 134
29 28 119
30 28 112
31 28 124
32 28 127
33 28 135
34 28 137
35 28 129
36 28 127
37 28 139
38 28 152
39 28 157
40 28 149
41 28 153
42 28 157
43 28 156
44 28 153
45 28 152
46 28 157
47 28 161
48 28 153
49 28 161
50 28 169
51 28 173
52 28 176
53 28 185
54 28 203
55 28 217
56 28 211
57 28 211
58 28 213
59 28 214
60 28 208
61 28 199
62 28 198
63 28 205
64 28 214
65 28 211
66 28 211
67 28 214
68 28 216
69 28 212
70 28 202
71 28 193
72 28 195
73 28 194
74 28 192
75 28 190
76 28 189
77 28 191
78 28 195
79 28 199
80 28 198
81 28 196
82 28 193
83 28 189
84 28 185
85 28 181
86 28 178
87 28 177
88 28 169
89 28 173
90 28 176
91 28 175
92 28 174
93 28 173
94 28 173
95 28 173
96 28 173
97 28 174
98 28 172
99 28 164
100 28 155
101 28 149
102 28 146
103 28 145
104 28 128
105 28 137
106 28 146
107 28 148
108 28 143
109 28 137
110 28 134
111 28 134
112 28 137
113 28 137
114 28 136
115 28 133
0 29 107
1 29 103
2 29 97
3 29 94
4 29 95
5 29 98
6 29 100
7 29 101
8 29 117
9 29 118
10 29 113
11 29 101
12 29 89
13 29 90
14 29 103
15 29 115
16 29 110
17 29 113
18 29 120
19 29 128
20 29 134
21 29 137
22 29 136
23 29 133
24 29 132
25 29 139
26 29 138
27 29 134
28 29 130
29 29 115
30 29 108
31 29 118
32 29 118
33 29 128
34 29 127
35 29 117
36 29 121
37 29 141
38 29 152
39 29 150
40 29 138
41 29 146
42 29 154
43 29 155
44 29 152
45 29 150
46 29 154
47 29 160
48 29 151
49 29 160
50 29 168
51 29 170
52 29 171
53 29 181
54 29 201
55 29 218
56 29 212
57 29 210
58 29 211
59 29 213
60 29 205
61 29 195
62 29 197
63 29 207
64 29 214
65 29 214
66 29 214
67 29 216
68 29 215
69 29 210
70 29 199
71 29 191
72 29 191
73 29 195
74 29 196
75 29 191
76 29 184
77 29 183
78 29 191
79 29 199
80 29 198
81 29 192
82 29 185
83 29 179
84 29 177
85 29 176
86 29 174
87 29 173
88 29 167
89 29 173
90 29 176
91 29 174
92 29 172
93 29 172
94 29 171
95 29 168
96 29 177
97 29 176
98 29 169
99 29 158
100 29 151
101 29 147
102 29 142
103 29 136
104 29 131
105 29 142
106 29 153
107 29 154
108 29 145
109 29 136
110 29 133
111 29 134
112 29 133
113 29 136
114 29 137
115 29 134
0 30 101
1 30 97
2 30 94
3 30 92
4 30 93
5 30 94
6 30 93
7 30 92
8 30 108
9 30 108
10 30 105
11 30 98
12 30 90
13 30 89
14 30 99
15 30 109
16 30 116
17 30 115
18 30 116
19 30 120
20 30 125
21 30 128
22 30 127
23 30 125
24 30 132
25 30 140
26 30 135
27 30 127
28 30 122
29 30 109
30 30 104
31 30 115
32 30 113
33 30 113
34 30 113
35 30 115
36 30 124
37 30 134
38 30 139
39 30 138
40 30 131
41 30 139
42 30 148
43 30 154
44 30 155
45 30 154
46 30 153
47 30 154
48 30 152
49 30 157
50 30 161
51 30 163
52 30 168
53 30 181
54 30 200
55 30 215
56 30 215
57 30 211
58 30 211
59 30 213
60 30 205
61 30 194
62 30 198
63 30 212
64 30 215
65 30 215
66 30 214
67 30 212
68 30 208
69 30 202
70 30 196
71 30 192
72 30 192
73 30 195
74 30 195
75 30 187
76 30 178
77 30 175
78 30 181
79 30 189
80 30 186
81 30 181
82 30 175
83 30 174
84 30 176
85 30 174
86 30 168
87 30 162
88 30 158
89 30 165
90 30 169
91 30 166
92 30 167
93 30 171
94 30 173
95 30 170
96 30 175
97 30 172
98 30 163
99 30 153
100 30 151
101 30 152
102 30 146
103 30 137
104 30 137
105 30 147
106 30 156
107 30 154
108 30 142
109 30 133
110 30 132
111 30 135
112 30 130
113 30 135
114 30 136
115 30 132
0 31 96
1 31 94
2 31 93
3 31 94
4 31 95
5 31 95
6 31 94
7 31 92
8 31 94
9 31 95
10 31 97
11 31 96
12 31 93
13 31 92
14 31 99
15 31 109
16 31 118
17 31 114
18 31 110
19 31 109
20 31 110
21 31 111
22 31 110
23 31 107
24 31 113
25 31 122
26 31 118
27 31 112
28 31 110
29 31 105
30 31 106
31 31 121
32 31 118
33 31 107
34 31 108
35 31 124
36 31 135
37 31 133
38 31 131
39 31 135
40 31 132
41 31 137
42 31 145
43 31 154
44 31 159
45 31 157
46 31 151
47 31 146
48 31 154
49 31 153
50 31 153
51 31 157
52 31 167
53 31 183
54 31 200
55 31 212
56 31 218
57 31 212
58 31 212
59 31 214
60 31 205
61 31 194
62 31 200
63 31 216
64 31 214
65 31 213
66 31 211
67 31 205
68 31 199
69 31 194
70 31 193
71 31 192
72 31 195
73 31 195
74 31 191
75 31 183
76 31 174
77 31 170
78 31 173
79 31 178
80 31 175
81 31 171
82 31 169
83 31 173
84 31 178
85 31 175
86 31 164
87 31 153
88 31 146
89 31 154
90 31 159
91 31 158
92 31 162
93 31 172
94 31 178
95 31 178
96 31 170
97 31 166
98 31 157
99 31 150
100 31 153
101 31 159
102 31 155
103 31 144
104 31 142
105 31 151
106 31 157
107 31 151
108 31 138
109 31 129
110 31 131
111 31 137
112 31 131
113 31 136
114 31 136
115 31 130
0 32 91
1 32 82
2 32 80
3 32 89
4 32 96
5 32 95
6 32 94
7 32 95
8 32 96
9 32 99
10 32 92
11 32 88
12 32 91
13 32 90
14 32 97
15 32 116
16 32 114
17 32 116
18 32 117
19 32 115
20 32 111
21 32 111
22 32 114
23 32 118
24 32 107
25 32 113
26 32 113
27 32 114
28 32 116
29 32 103
30 32 93
31 32 100
32 32 93
33 32 96
34 32 110
35 32 128
36 32 136
37 32 133
38 32 133
39 32 136
40 32 134
41 32 134
42 32 137
43 32 145
44 32 152
45 32 150
46 32 139
47 32 129
48 32 160
49 32 156
50 32 151
51 32 153
52 32 163
53 32 180
54 32 198
55 32 209
56 32 212
57 32 215
58 32 217
59 32 217
60 32 212
61 32 207
62 32 203
63 32 201
64 32 217
65 32 217
66 32 211
67 32 199
68 32 192
69 32 194
70 32 197
71 32 198
72 32 191
73 32 188
74 32 183
75 32 179
76 32 176
77 32 174
78 32 173
79 32 172
80 32 174
81 32 177
82 32 179
83 32 178
84 32 171
85 32 162
86 32 155
87 32 152
88 32 151
89 32 155
90 32 161
91 32 167
92 32 170
93 32 171
94 32 169
95 32 167
96 32 154
97 32 154
98 32 154
99 32 154
100 32 154
101 32 154
102 32 154
103 32 154
104 32 156
105 32 157
106 32 154
107 32 146
108 32 136
109 32 131
110 32 133
111 32 137
112 32 134
113 32 134
114 32 134
115 32 134
0 33 78
1 33 71
2 33 70
3 33 81
4 33 89
5 33 91
6 33 92
7 33 94
8 33 97
9 33 94
10 33 84
11 33 84
12 33 95
13 33 97
14 33 99
15 33 112
16 33 104
17 33 107
18 33 110
19 33 113
20 33 113
21 33 114
22 33 115
23 33 116
24 33 113
25 33 118
26 33 115
27 33 114
28 33 114
29 33 100
30 33 90
31 33 97
32 33 94
33 33 99
34 33 113
35 33 130
36 33 137
37 33 135
38 33 135
39 33 139
40 33 140
41 33 136
42 33 132
43 33 133
44 33 137
45 33 140
46 33 138
47 33 136
48 33 149
49 33 149
50 33 151
51 33 157
52 33 167
53 33 183
54 33 200
55 33 211
56 33 210
57 33 211
58 33 212
59 33 212
60 33 209
61 33 204
62 33 197
63 33 193
64 33 206
65 33 208
66 33 205
67 33 197
68 33 193
69 33 194
70 33 195
71 33 193
72 33 199
73 33 192
74 33 181
75 33 173
76 33 170
77 33 171
78 33 175
79 33 177
80 33 169
81 33 171
82 33 172
83 33 170
84 33 164
85 33 158
86 33 154
87 33 152
88 33 150
89 33 153
90 33 155
91 33 158
92 33 158
93 33 156
94 33 153
95 33 152
96 33 154
97 33 154
98 33 154
99 33 154
100 33 154
101 33 154
102 33 154
103 33 154
104 33 153
105 33 155
106 33 155
107 33 149
108 33 140
109 33 134
110 33 134
111 33 136
112 33 134
113 33 134
114 33 134
115 33 134
0 34 74
1 34 69
2 34 70
3 34 78
4 34 87
5 34 91
6 34 93
7 34 96
8 34 97
9 34 88
10 34 74
11 34 77
12 34 96
13 34 100
14 34 95
15 34 100
16 34 94
17 34 96
18 34 101
19 34 107
20 34 112
21 34 114
22 34 113
23 34 111
24 34 110
25 34 114
26 34 110
27 34 107
28 34 108
29 34 96
30 34 88
31 34 96
32 34 93
33 34 99
34 34 113
35 34 127
36 34 133
37 34 132
38 34 133
39 34 136
40 34 138
41 34 135
42 34 132
43 34 130
44 34 130
45 34 133
46 34 136
47 34 138
48 34 136
49 34 142
50 34 150
51 34 159
52 34 169
53 34 181
54 34 195
55 34 205
56 34 213
57 34 213
58 34 213
59 34 214
60 34 214
61 34 209
62 34 200
63 34 192
64 34 192
65 34 196
66 34 197
67 34 195
68 34 194
69 34 195
70 34 193
71 34 188
72 34 192
73 34 185
74 34 176
75 34 170
76 34 169
77 34 172
78 34 175
79 34 176
80 34 162
81 34 163
82 34 163
83 34 160
84 34 156
85 34 153
86 34 152
87 34 153
88 34 155
89 34 155
90 34 155
91 34 155
92 34 154
93 34 152
94 34 150
95 34 149
96 34 154
97 34 154
98 34 154
99 34 154
100 34 154
101 34 154
102 34 154
103 34 154
104 34 152
105 34 155
106 34 155
107 34 151
108 34 143
109 34 137
110 34 135
111 34 135
112 34 134
113 34 134
114 34 134
115 34 134
0 35 76
1 35 74
2 35 74
3 35 79
4 35 85
5 35 90
6 35 93
7 35 94
8 35 92
9 35 83
10 35 69
11 35 74
12 35 93
13 35 95
14 35 88
15 35 91
16 35 93
17 35 92
18 35 94
19 35 100
20 35 106
21 35 109
22 35 107
23 35 103
24 35 97
25 35 102
26 35 98
27 35 97
28 35 101
29 35 93
30 35 89
31 35 99
32 35 90
33 35 99
34 35 111
35 35 120
36 35 123
37 35 123
38 35 123
39 35 125
40 35 125
41 35 130
42 35 135
43 35 137
44 35 135
45 35 134
46 35 134
47 35 135
48 35 132
49 35 139
50 35 149
51 35 157
52 35 165
53 35 175
54 35 188
55 35 197
56 35 212
57 35 211
58 35 211
59 35 216
60 35 219
61 35 215
62 35 204
63 35 195
64 35 181
65 35 186
66 35 190
67 35 193
68 35 196
69 35 198
70 35 193
71 35 185
72 35 179
73 35 176
74 35 174
75 35 175
76 35 177
77 35 177
78 35 174
79 35 171
80 35 156
81 35 157
82 35 156
83 35 153
84 35 151
85 35 150
86 35 153
87 35 155
88 35 155
89 35 155
90 35 155
91 35 155
92 35 155
93 35 155
94 35 156
95 35 156
96 35 154
97 35 154
98 35 154
99 35 154
100 35 154
101 35 154
102 35 154
103 35 154
104 35 156
105 35 156
106 35 154
107 35 149
108 35 141
109 35 136
110 35 134
111 35 135
112 35 134
113 35 134
114 35 134
115 35 134
0 36 73
1 36 73
2 36 73
3 36 75
4 36 80
5 36 87
6 36 91
7 36 92
8 36 82
9 36 79
10 36 70
11 36 76
12 36 92
13 36 93
14 36 88
15 36 93
16 36 98
17 36 94
18 36 92
19 36 94
20 36 98
21 36 100
22 36 98
23 36 96
24 36 91
25 36 95
26 36 92
27 36 92
28 36 97
29 36 91
30 36 88
31 36 99
32 36 91
33 36 101
34 36 112
35 36 116
36 36 115
37 36 114
38 36 114
39 36 115
40 36 113
41 36 121
42 36 130
43 36 134
44 36 133
45 36 131
46 36 131
47 36 132
48 36 133
49 36 138
50 36 147
51 36 155
52 36 165
53 36 176
54 36 188
55 36 197
56 36 201
57 36 201
58 36 205
59 36 212
60 36 217
61 36 215
62 36 204
63 36 194
64 36 178
65 36 181
66 36 184
67 36 188
68 36 195
69 36 199
70 36 193
71 36 183
72 36 175
73 36 172
74 36 170
75 36 172
76 36 175
77 36 175
78 36 169
79 36 164
80 36 153
81 36 154
82 36 154
83 36 152
84 36 150
85 36 151
86 36 153
87 36 156
88 36 151
89 36 150
90 36 150
91 36 150
92 36 151
93 36 153
94 36 155
95 36 156
96 36 154
97 36 154
98 36 154
99 36 154
100 36 154
101 36 154
102 36 154
103 36 154
104 36 159
105 36 156
106 36 150
107 36 142
108 36 136
109 36 133
110 36 134
111 36 135
112 36 134
113 36 134
114 36 134
115 36 134
0 37 71
1 37 74
2 37 75
3 37 75
4 37 79
5 37 88
6 37 94
7 37 95
8 37 74
9 37 76
10 37 72
11 37 79
12 37 95
13 37 96
14 37 92
15 37 99
16 37 98
17 37 96
18 37 93
19 37 92
20 37 92
21 37 93
22 37 93
23 37 92
24 37 94
25 37 98
26 37 94
27 37 93
28 37 96
29 37 88
30 37 84
31 37 94
32 37 93
33 37 105
34 37 115
35 37 116
36 37 113
37 37 112
38 37 113
39 37 112
40 37 112
41 37 115
42 37 119
43 37 120
44 37 120
45 37 121
46 37 126
47 37 131
48 37 134
49 37 137
50 37 144
51 37 155
52 37 169
53 37 183
54 37 194
55 37 201
56 37 193
57 37 197
58 37 204
59 37 212
60 37 217
61 37 214
62 37 205
63 37 197
64 37 178
65 37 177
66 37 176
67 37 179
68 37 188
69 37 195
70 37 189
71 37 179
72 37 172
73 37 164
74 37 156
75 37 154
76 37 157
77 37 158
78 37 156
79 37 152
80 37 152
81 37 154
82 37 155
83 37 155
84 37 153
85 37 152
86 37 153
87 37 155
88 37 153
89 37 153
90 37 152
91 37 151
92 37 151
93 37 152
94 37 152
95 37 153
96 37 154
97 37 154
98 37 154
99 37 154
100 37 154
101 37 154
102 37 154
103 37 154
104 37 156
105 37 151
106 37 143
107 37 136
108 37 132
109 37 132
110 37 134
111 37 135
112 37 134
113 37 134
114 37 134
115 37 134
0 38 73
1 38 77
2 38 77
3 38 74
4 38 76
5 38 86
6 38 91
7 38 91
8 38 75
9 38 75
10 38 71
11 38 79
12 38 95
13 38 94
14 38 87
15 38 92
16 38 91
17 38 93
18 38 94
19 38 94
20 38 93
21 38 92
22 38 92
23 38 94
24 38 96
25 38 100
26 38 95
27 38 93
28 38 95
29 38 85
30 38 78
31 38 87
32 38 91
33 38 105
34 38 116
35 38 115
36 38 111
37 38 113
38 38 114
39 38 113
40 38 114
41 38 114
42 38 113
43 38 112
44 38 113
45 38 116
46 38 121
47 38 125
48 38 134
49 38 135
50 38 141
51 38 154
52 38 171
53 38 185
54 38 192
55 38 194
56 38 188
57 38 195
58 38 205
59 38 213
60 38 215
61 38 210
62 38 202
63 38 196
64 38 179
65 38 173
66 38 166
67 38 166
68 38 176
69 38 186
70 38 183
71 38 173
72 38 163
73 38 155
74 38 149
75 38 149
76 38 154
77 38 156
78 38 153
79 38 149
80 38 150
81 38 154
82 38 158
83 38 159
84 38 156
85 38 153
86 38 151
87 38 151
88 38 156
89 38 156
90 38 156
91 38 156
92 38 155
93 38 155
94 38 154
95 38 154
96 38 154
97 38 154
98 38 154
99 38 154
100 38 154
101 38 154
102 38 154
103 38 154
104 38 145
105 38 141
106 38 136
107 38 133
108 38 132
109 38 133
110 38 135
111 38 136
112 38 134
113 38 134
114 38 134
115 38 134
0 39 71
1 39 76
2 39 74
3 39 67
4 39 67
5 39 75
6 39 79
7 39 78
8 39 79
9 39 76
10 39 68
11 39 75
12 39 91
13 39 89
14 39 77
15 39 77
16 39 83
17 39 89
18 39 95
19 39 97
20 39 95
21 39 93
22 39 94
23 39 96
24 39 92
25 39 96
26 39 92
27 39 91
28 39 93
29 39 82
30 39 75
31 39 83
32 39 87
33 39 103
34 39 114
35 39 112
36 39 109
37 39 112
38 39 115
39 39 114
40 39 115
41 39 115
42 39 115
43 39 116
44 39 117
45 39 117
46 39 117
47 39 116
48 39 134
49 39 133
50 39 138
51 39 152
52 39 170
53 39 182
54 39 183
55 39 181
56 39 180
57 39 189
58 39 200
59 39 207
60 39 207
61 39 201
62 39 193
63 39 188
64 39 179
65 39 170
66 39 159
67 39 157
68 39 167
69 39 178
70 39 177
71 39 168
72 39 157
73 39 155
74 39 156
75 39 163
76 39 172
77 39 173
78 39 166
79 39 157
80 39 149
81 39 154
82 39 159
83 39 161
84 39 158
85 39 153
86 39 149
87 39 147
88 39 152
89 39 153
90 39 154
91 39 155
92 39 155
93 39 155
94 39 154
95 39 154
96 39 154
97 39 154
98 39 154
99 39 154
100 39 154
101 39 154
102 39 154
103 39 154
104 39 136
105 39 134
106 39 132
107 39 132
108 39 133
109 39 135
110 39 136
111 39 135
112 39 134
113 39 134
114 39 134
115 39 134
0 40 73
1 40 74
2 40 74
3 40 75
4 40 75
5 40 74
6 40 74
7 40 73
8 40 74
9 40 74
10 40 74
11 40 74
12 40 74
13 40 74
14 40 74
15 40 74
16 40 85
17 40 85
18 40 85
19 40 85
20 40 85
21 40 85
22 40 85
23 40 85
24 40 81
25 40 83
26 40 84
27 40 83
28 40 82
29 40 81
30 40 82
31 40 84
32 40 98
33 40 100
34 40 105
35 40 110
36 40 114
37 40 115
38 40 113
39 40 111
40 40 114
41 40 116
42 40 116
43 40 115
44 40 113
45 40 112
46 40 115
47 40 117
48 40 133
49 40 133
50 40 136
51 40 145
52 40 158
53 40 169
54 40 175
55 40 177
56 40 175
57 40 191
58 40 200
59 40 196
60 40 193
61 40 193
62 40 185
63 40 171
64 40 173
65 40 166
66 40 157
67 40 155
68 40 156
69 40 158
70 40 156
71 40 152
72 40 154
73 40 153
74 40 156
75 40 163
76 40 171
77 40 172
78 40 167
79 40 160
80 40 152
81 40 156
82 40 157
83 40 156
84 40 156
85 40 156
86 40 150
87 40 143
88 40 149
89 40 150
90 40 152
91 40 154
92 40 155
93 40 155
94 40 154
95 40 154
96 40 155
97 40 155
98 40 155
99 40 155
100 40 154
101 40 154
102 40 153
103 40 153
104 40 139
105 40 139
106 40 138
107 40 134
108 40 130
109 40 130
110 40 134
111 40 139
112 40 132
113 40 133
114 40 133
115 40 134
0 41 73
1 41 74
2 41 74
3 41 75
4 41 75
5 41 74
6 41 74
7 41 73
8 41 74
9 41 74
10 41 74
11 41 74
12 41 74
13 41 74
14 41 74
15 41 74
16 41 74
17 41 74
18 41 74
19 41 74
20 41 74
21 41 74
22 41 74
23 41 74
24 41 73
25 41 74
26 41 76
27 41 75
28 41 73
29 41 72
30 41 74
31 41 75
32 41 87
33 41 88
34 41 90
35 41 92
36 41 95
37 41 95
38 41 94
39 41 93
40 41 100
41 41 99
42 41 99
43 41 103
44 41 109
45 41 114
46 41 115
47 41 115
48 41 116
49 41 120
50 41 127
51 41 137
52 41 146
53 41 152
54 41 154
55 41 154
56 41 166
57 41 180
58 41 188
59 41 186
60 41 185
61 41 185
62 41 175
63 41 160
64 41 162
65 41 159
66 41 155
67 41 154
68 41 156
69 41 157
70 41 156
71 41 155
72 41 150
73 41 153
74 41 160
75 41 170
76 41 176
77 41 174
78 41 164
79 41 155
80 41 154
81 41 155
82 41 155
83 41 155
84 41 158
85 41 159
86 41 152
87 41 142
88 41 141
89 41 145
90 41 151
91 41 155
92 41 156
93 41 154
94 41 149
95 41 146
96 41 151
97 41 152
98 41 153
99 41 154
100 41 155
101 41 154
102 41 153
103 41 153
104 41 140
105 41 138
106 41 134
107 41 128
108 41 125
109 41 126
110 41 131
111 41 136
112 41 133
113 41 133
114 41 133
115 41 133
0 42 73
1 42 74
2 42 74
3 42 75
4 42 75
5 42 74
6 42 74
7 42 73
8 42 74
9 42 74
10 42 74
11 42 74
12 42 74
13 42 74
14 42 74
15 42 74
16 42 72
17 42 72
18 42 72
19 42 72
20 42 72
21 42 72
22 42 72
23 42 72
24 42 72
25 42 74
26 42 75
27 42 75
28 42 73
29 42 72
30 42 73
31 42 75
32 42 96
33 42 96
34 42 96
35 42 96
36 42 95
37 42 95
38 42 95
39 42 95
40 42 95
41 42 91
42 42 90
43 42 97
44 42 108
45 42 116
46 42 116
47 42 113
48 42 110
49 42 115
50 42 123
51 42 129
52 42 134
53 42 138
54 42 141
55 42 143
56 42 154
57 42 164
58 42 171
59 42 172
60 42 175
61 42 174
62 42 162
63 42 146
64 42 142
65 42 144
66 42 147
67 42 149
68 42 150
69 42 151
70 42 152
71 42 154
72 42 161
73 42 163
74 42 167
75 42 174
76 42 178
77 42 176
78 42 168
79 42 160
80 42 155
81 42 155
82 42 154
83 42 153
84 42 156
85 42 158
86 42 150
87 42 139
88 42 133
89 42 139
90 42 148
91 42 155
92 42 155
93 42 150
94 42 142
95 42 137
96 42 147
97 42 149
98 42 153
99 42 155
100 42 157
101 42 156
102 42 155
103 42 154
104 42 140
105 42 135
106 42 128
107 42 120
108 42 117
109 42 120
110 42 128
111 42 135
112 42 134
113 42 134
114 42 134
115 42 133
0 43 73
1 43 74
2 43 74
3 43 75
4 43 75
5 43 74
6 43 74
7 43 73
8 43 74
9 43 74
10 43 74
11 43 74
12 43 74
13 43 74
14 43 74
15 43 74
16 43 75
17 43 75
18 43 75
19 43 75
20 43 75
21 43 75
22 43 75
23 43 75
24 43 75
25 43 77
26 43 78
27 43 78
28 43 76
29 43 75
30 43 76
31 43 78
32 43 91
33 43 93
34 43 95
35 43 95
36 43 93
37 43 92
38 43 91
39 43 92
40 43 97
41 43 94
42 43 92
43 43 96
44 43 103
45 43 108
46 43 107
47 43 105
48 43 109
49 43 113
50 43 118
51 43 120
52 43 122
53 43 127
54 43 135
55 43 142
56 43 145
57 43 151
58 43 157
59 43 161
60 43 166
61 43 165
62 43 152
63 43 136
64 43 133
65 43 141
66 43 150
67 43 154
68 43 154
69 43 155
70 43 158
71 43 162
72 43 182
73 43 179
74 43 175
75 43 173
76 43 174
77 43 175
78 43 174
79 43 172
80 43 154
81 43 156
82 43 156
83 43 151
84 43 149
85 43 148
86 43 144
87 43 137
88 43 128
89 43 134
90 43 143
91 43 149
92 43 150
93 43 145
94 43 137
95 43 131
96 43 144
97 43 147
98 43 151
99 43 156
100 43 158
101 43 157
102 43 156
103 43 154
104 43 138
105 43 131
106 43 121
107 43 113
108 43 112
109 43 119
110 43 129
111 43 137
112 43 134
113 43 134
114 43 134
115 43 134
0 44 73
1 44 74
2 44 74
3 44 75
4 44 75
5 44 74
6 44 74
7 44 73
8 44 74
9 44 74
10 44 74
11 44 74
12 44 74
13 44 74
14 44 74
15 44 74
16 44 73
17 44 73
18 44 73
19 44 73
20 44 73
21 44 73
22 44 73
23 44 73
24 44 72
25 44 74
26 44 75
27 44 74
28 44 73
29 44 72
30 44 73
31 44 75
32 44 86
33 44 90
34 44 95
35 44 96
36 44 95
37 44 94
38 44 94
39 44 95
40 44 94
41 44 95
42 44 94
43 44 94
44 44 93
45 44 93
46 44 95
47 44 96
48 44 96
49 44 102
50 44 109
51 44 113
52 44 116
53 44 119
54 44 125
55 44 130
56 44 138
57 44 142
58 44 147
59 44 153
60 44 158
61 44 157
62 44 145
63 44 132
64 44 143
65 44 154
66 44 165
67 44 171
68 44 171
69 44 171
70 44 175
71 44 180
72 44 188
73 44 184
74 44 178
75 44 174
76 44 171
77 44 171
78 44 170
79 44 170
80 44 152
81 44 157
82 44 156
83 44 147
84 44 139
85 44 136
86 44 137
87 44 136
88 44 130
89 44 133
90 44 138
91 44 141
92 44 141
93 44 139
94 44 134
95 44 131
96 44 138
97 44 141
98 44 146
99 44 150
100 44 152
101 44 152
102 44 150
103 44 148
104 44 135
105 44 127
106 44 117
107 44 110
108 44 112
109 44 120
110 44 131
111 44 139
112 44 134
113 44 133
114 44 132
115 44 130
0 45 73
1 45 74
2 45 74
3 45 75
4 45 75
5 45 74
6 45 74
7 45 73
8 45 74
9 45 74
10 45 74
11 45 74
12 45 74
13 45 74
14 45 74
15 45 74
16 45 74
17 45 74
18 45 74
19 45 74
20 45 74
21 45 74
22 45 74
23 45 74
24 45 72
25 45 73
26 45 74
27 45 74
28 45 72
29 45 71
30 45 73
31 45 74
32 45 81
33 45 86
34 45 91
35 45 93
36 45 92
37 45 92
38 45 95
39 45 99
40 45 93
41 45 95
42 45 96
43 45 95
44 45 92
45 45 92
46 45 94
47 45 97
48 45 84
49 45 92
50 45 104
51 45 113
52 45 118
53 45 118
54 45 116
55 45 115
56 45 130
57 45 132
58 45 137
59 45 143
60 45 147
61 45 145
62 45 137
63 45 129
64 45 149
65 45 159
66 45 170
67 45 175
68 45 175
69 45 175
70 45 178
71 45 182
72 45 172
73 45 173
74 45 173
75 45 172
76 45 169
77 45 164
78 45 159
79 45 155
80 45 152
81 45 155
82 45 151
83 45 140
84 45 132
85 45 132
86 45 135
87 45 136
88 45 133
89 45 133
90 45 134
91 45 135
92 45 135
93 45 134
94 45 134
95 45 133
96 45 132
97 45 134
98 45 137
99 45 140
100 45 142
101 45 141
102 45 140
103 45 139
104 45 132
105 45 124
106 45 115
107 45 110
108 45 113
109 45 121
110 45 130
111 45 136
112 45 132
113 45 129
114 45 126
115 45 122
0 46 73
1 46 74
2 46 74
3 46 75
4 46 75
5 46 74
6 46 74
7 46 73
8 46 74
9 46 74
10 46 74
11 46 74
12 46 74
13 46 74
14 46 74
15 46 74
16 46 76
17 46 76
18 46 76
19 46 76
20 46 76
21 46 76
22 46 76
23 46 76
24 46 74
25 46 75
26 46 76
27 46 76
28 46 74
29 46 73
30 46 75
31 46 76
32 46 68
33 46 71
34 46 73
35 46 72
36 46 71
37 46 74
38 46 82
39 46 89
40 46 95
41 46 94
42 46 93
43 46 93
44 46 95
45 46 97
46 46 97
47 46 97
48 46 89
49 46 92
50 46 98
51 46 106
52 46 112
53 46 115
54 46 114
55 46 112
56 46 119
57 46 121
58 46 126
59 46 131
60 46 133
61 46 130
62 46 126
63 46 124
64 46 142
65 46 149
66 46 157
67 46 162
68 46 163
69 46 163
70 46 164
71 46 165
72 46 156
73 46 159
74 46 162
75 46 163
76 46 160
77 46 156
78 46 152
79 46 150
80 46 156
81 46 151
82 46 141
83 46 131
84 46 131
85 46 137
86 46 140
87 46 138
88 46 135
89 46 134
90 46 133
91 46 132
92 46 132
93 46 132
94 46 133
95 46 134
96 46 132
97 46 133
98 46 134
99 46 135
100 46 135
101 46 135
102 46 134
103 46 134
104 46 131
105 46 123
106 46 114
107 46 110
108 46 113
109 46 119
110 46 125
111 46 127
112 46 124
113 46 121
114 46 118
115 46 114
0 47 73
1 47 74
2 47 74
3 47 75
4 47 75
5 47 74
6 47 74
7 47 73
8 47 74
9 47 74
10 47 74
11 47 74
12 47 74
13 47 74
14 47 74
15 47 74
16 47 73
17 47 73
18 47 73
19 47 73
20 47 73
21 47 73
22 47 73
23 47 73
24 47 71
25 47 73
26 47 74
27 47 74
28 47 72
29 47 71
30 47 72
31 47 74
32 47 77
33 47 78
34 47 76
35 47 73
36 47 71
37 47 76
38 47 88
39 47 98
40 47 94
41 47 89
42 47 84
43 47 86
44 47 92
45 47 95
46 47 93
47 47 88
48 47 99
49 47 93
50 47 88
51 47 89
52 47 97
53 47 106
54 47 112
55 47 114
56 47 111
57 47 113
58 47 118
59 47 122
60 47 122
61 47 119
62 47 118
63 47 120
64 47 136
65 47 141
66 47 147
67 47 151
68 47 152
69 47 152
70 47 152
71 47 152
72 47 153
73 47 153
74 47 152
75 47 151
76 47 150
77 47 151
78 47 154
79 47 156
80 47 159
81 47 148
82 47 132
83 47 125
84 47 133
85 47 145
86 47 146
87 47 140
88 47 135
89 47 134
90 47 133
91 47 132
92 47 132
93 47 132
94 47 133
95 47 134
96 47 136
97 47 136
98 47 136
99 47 135
100 47 135
101 47 134
102 47 134
103 47 134
104 47 131
105 47 123
106 47 115
107 47 111
108 47 113
109 47 117
110 47 119
111 47 120
112 47 116
113 47 114
114 47 112
115 47 110
0 48 51
1 48 55
2 48 62
3 48 69
4 48 73
5 48 75
6 48 75
7 48 74
8 48 80
9 48 71
10 48 69
11 48 75
12 48 77
13 48 72
14 48 69
15 48 71
16 48 69
17 48 69
18 48 71
19 48 74
20 48 76
21 48 76
22 48 75
23 48 73
24 48 70
25 48 74
26 48 78
27 48 78
28 48 74
29 48 71
30 48 72
31 48 75
32 48 74
33 48 74
34 48 74
35 48 74
36 48 74
37 48 74
38 48 74
39 48 74
40 48 74
41 48 74
42 48 74
43 48 74
44 48 74
45 48 74
46 48 74
47 48 74
48 48 87
49 48 93
50 48 98
51 48 98
52 48 95
53 48 92
54 48 95
55 48 99
56 48 104
57 48 111
58 48 116
59 48 114
60 48 108
61 48 108
62 48 116
63 48 125
64 48 127
65 48 126
66 48 129
67 48 135
68 48 137
69 48 135
70 48 137
71 48 141
72 48 135
73 48 146
74 48 153
75 48 153
76 48 151
77 48 153
78 48 156
79 48 157
80 48 145
81 48 141
82 48 130
83 48 121
84 48 124
85 48 135
86 48 139
87 48 134
88 48 136
89 48 133
90 48 129
91 48 127
92 48 127
93 48 131
94 48 136
95 48 140
96 48 134
97 48 136
98 48 137
99 48 137
100 48 135
101 48 133
102 48 133
103 48 133
104 48 124
105 48 120
106 48 115
107 48 112
108 48 114
109 48 117
110 48 114
111 48 109
112 48 111
113 48 114
114 48 119
115 48 124
0 49 53
1 49 54
2 49 57
3 49 60
4 49 65
5 49 69
6 49 73
7 49 75
8 49 76
9 49 71
10 49 71
11 49 77
12 49 76
13 49 66
14 49 57
15 49 54
16 49 71
17 49 71
18 49 72
19 49 74
20 49 75
21 49 75
22 49 74
23 49 73
24 49 75
25 49 74
26 49 73
27 49 73
28 49 74
29 49 75
30 49 75
31 49 74
32 49 74
33 49 74
34 49 74
35 49 74
36 49 74
37 49 74
38 49 74
39 49 74
40 49 74
41 49 74
42 49 74
43 49 74
44 49 74
45 49 74
46 49 74
47 49 74
48 49 76
49 49 82
50 49 88
51 49 90
52 49 89
53 49 90
54 49 95
55 49 100
56 49 98
57 49 106
58 49 114
59 49 114
60 49 109
61 49 106
62 49 109
63 49 114
64 49 115
65 49 110
66 49 110
67 49 116
68 49 121
69 49 121
70 49 121
71 49 123
72 49 123
73 49 132
74 49 139
75 49 137
76 49 135
77 49 138
78 49 140
79 49 140
80 49 139
81 49 134
82 49 124
83 49 118
84 49 124
85 49 136
86 49 138
87 49 133
88 49 130
89 49 127
90 49 123
91 49 123
92 49 125
93 49 130
94 49 134
95 49 136
96 49 137
97 49 134
98 49 130
99 49 127
100 49 127
101 49 130
102 49 133
103 49 135
104 49 118
105 49 116
106 49 114
107 49 113
108 49 115
109 49 117
110 49 115
111 49 112
112 49 114
113 49 117
114 49 120
115 49 123
0 50 57
1 50 55
2 50 53
3 50 53
4 50 57
5 50 65
6 50 73
7 50 79
8 50 76
9 50 72
10 50 70
11 50 72
12 50 70
13 50 61
14 50 54
15 50 52
16 50 74
17 50 74
18 50 74
19 50 74
20 50 74
21 50 74
22 50 74
23 50 74
24 50 79
25 50 74
26 50 69
27 50 70
28 50 75
29 50 78
30 50 76
31 50 73
32 50 74
33 50 74
34 50 74
35 50 74
36 50 74
37 50 74
38 50 74
39 50 74
40 50 74
41 50 74
42 50 74
43 50 74
44 50 74
45 50 74
46 50 74
47 50 74
48 50 70
49 50 74
50 50 78
51 50 80
52 50 80
53 50 83
54 50 89
55 50 94
56 50 93
57 50 99
58 50 105
59 50 104
60 50 100
61 50 98
62 50 101
63 50 105
64 50 113
65 50 107
66 50 105
67 50 111
68 50 116
69 50 117
70 50 118
71 50 120
72 50 122
73 50 130
74 50 135
75 50 133
76 50 130
77 50 132
78 50 134
79 50 133
80 50 134
81 50 127
82 50 118
83 50 114
84 50 120
85 50 130
86 50 130
87 50 125
88 50 123
89 50 120
90 50 118
91 50 120
92 50 125
93 50 129
94 50 130
95 50 130
96 50 125
97 50 121
98 50 116
99 50 115
100 50 119
101 50 123
102 50 124
103 50 123
104 50 111
105 50 112
106 50 113
107 50 115
108 50 116
109 50 116
110 50 115
111 50 114
112 50 113
113 50 115
114 50 117
115 50 118
0 51 60
1 51 57
2 51 54
3 51 53
4 51 56
5 51 64
6 51 73
7 51 78
8 51 71
9 51 66
10 51 60
11 51 56
12 51 55
13 51 55
14 51 57
15 51 59
16 51 75
17 51 75
18 51 76
19 51 75
20 51 73
21 51 73
22 51 74
23 51 75
24 51 75
25 51 73
26 51 72
27 51 73
28 51 76
29 51 77
30 51 74
31 51 72
32 51 74
33 51 74
34 51 74
35 51 74
36 51 74
37 51 74
38 51 74
39 51 74
40 51 74
41 51 74
42 51 74
43 51 74
44 51 74
45 51 74
46 51 74
47 51 74
48 51 72
49 51 74
50 51 75
51 51 74
52 51 73
53 51 74
54 51 78
55 51 82
56 51 89
57 51 90
58 51 91
59 51 90
60 51 89
61 51 91
62 51 97
63 51 102
64 51 97
65 51 94
66 51 94
67 51 97
68 51 99
69 51 99
70 51 104
71 51 110
72 51 121
73 51 128
74 51 131
75 51 128
76 51 126
77 51 128
78 51 129
79 51 127
80 51 130
81 51 122
82 51 114
83 51 111
84 51 116
85 51 120
86 51 118
87 51 113
88 51 116
89 51 113
90 51 111
91 51 114
92 51 119
93 51 122
94 51 121
95 51 118
96 51 112
97 51 110
98 51 111
99 51 116
100 51 123
101 51 124
102 51 118
103 51 112
104 51 110
105 51 110
106 51 114
107 51 119
108 51 119
109 51 115
110 51 113
111 51 114
112 51 110
113 51 111
114 51 112
115 51 113
0 52 57
1 52 56
2 52 54
3 52 54
4 52 56
5 52 61
6 52 67
7 52 70
8 52 61
9 52 58
10 52 53
11 52 48
12 52 46
13 52 49
14 52 54
15 52 56
16 52 71
17 52 74
18 52 76
19 52 75
20 52 73
21 52 72
22 52 74
23 52 76
24 52 69
25 52 75
26 52 80
27 52 82
28 52 79
29 52 75
30 52 72
31 52 71
32 52 74
33 52 74
34 52 74
35 52 74
36 52 74
37 52 74
38 52 74
39 52 74
40 52 74
41 52 74
42 52 74
43 52 74
44 52 74
45 52 74
46 52 74
47 52 74
48 52 76
49 52 75
50 52 74
51 52 72
52 52 71
53 52 71
54 52 73
55 52 75
56 52 79
57 52 82
58 52 86
59 52 89
60 52 92
61 52 93
62 52 94
63 52 95
64 52 89
65 52 90
66 52 94
67 52 96
68 52 93
69 52 92
70 52 101
71 52 112
72 52 112
73 52 117
74 52 118
75 52 115
76 52 114
77 52 116
78 52 116
79 52 114
80 52 124
81 52 118
82 52 112
83 52 113
84 52 115
85 52 116
86 52 113
87 52 111
88 52 113
89 52 110
90 52 109
91 52 110
92 52 113
93 52 114
94 52 112
95 52 109
96 52 115
97 52 113
98 52 114
99 52 120
100 52 128
101 52 130
102 52 126
103 52 121
104 52 114
105 52 112
106 52 115
107 52 122
108 52 123
109 52 117
110 52 113
111 52 114
112 52 116
113 52 116
114 52 117
115 52 118
0 53 52
1 53 52
2 53 53
3 53 53
4 53 54
5 53 56
6 53 58
7 53 59
8 53 58
9 53 63
10 53 64
11 53 59
12 53 55
13 53 54
14 53 52
15 53 49
16 53 64
17 53 69
18 53 75
19 53 76
20 53 74
21 53 73
22 53 74
23 53 77
24 53 72
25 53 80
26 53 89
27 53 90
28 53 85
29 53 77
30 53 73
31 53 72
32 53 74
33 53 74
34 53 74
35 53 74
36 53 74
37 53 74
38 53 74
39 53 74
40 53 74
41 53 74
42 53 74
43 53 74
44 53 74
45 53 74
46 53 74
47 53 74
48 53 74
49 53 74
50 53 73
51 53 73
52 53 73
53 53 74
54 53 75
55 53 76
56 53 70
57 53 76
58 53 86
59 53 96
60 53 100
61 53 97
62 53 89
63 53 82
64 53 88
65 53 91
66 53 96
67 53 99
68 53 97
69 53 97
70 53 105
71 53 116
72 53 110
73 53 114
74 53 113
75 53 110
76 53 110
77 53 113
78 53 113
79 53 109
80 53 112
81 53 110
82 53 111
83 53 115
84 53 116
85 53 113
86 53 114
87 53 118
88 53 116
89 53 117
90 53 116
91 53 116
92 53 115
93 53 114
94 53 114
95 53 114
96 53 121
97 53 116
98 53 112
99 53 113
100 53 120
101 53 127
102 53 132
103 53 134
104 53 121
105 53 114
106 53 114
107 53 124
108 53 128
109 53 122
110 53 116
111 53 117
112 53 128
113 53 129
114 53 129
115 53 130
0 54 53
1 54 53
2 54 53
3 54 53
4 54 53
5 54 53
6 54 53
7 54 53
8 54 62
9 54 69
10 54 71
11 54 64
12 54 58
13 54 57
14 54 55
15 54 50
16 54 56
17 54 64
18 54 73
19 54 76
20 54 75
21 54 73
22 54 75
23 54 78
24 54 84
25 54 88
26 54 93
27 54 94
28 54 91
29 54 85
30 54 78
31 54 75
32 54 74
33 54 74
34 54 74
35 54 74
36 54 74
37 54 74
38 54 74
39 54 74
40 54 74
41 54 74
42 54 74
43 54 74
44 54 74
45 54 74
46 54 74
47 54 74
48 54 73
49 54 73
50 54 73
51 54 75
52 54 76
53 54 77
54 54 76
55 54 75
56 54 70
57 54 73
58 54 80
59 54 89
60 54 93
61 54 90
62 54 81
63 54 73
64 54 74
65 54 72
66 54 75
67 54 83
68 54 88
69 54 89
70 54 92
71 54 97
72 54 107
73 54 109
74 54 108
75 54 105
76 54 105
77 54 109
78 54 109
79 54 105
80 54 100
81 54 102
82 54 108
83 54 113
84 54 110
85 54 104
86 54 107
87 54 116
88 54 112
89 54 114
90 54 116
91 54 114
92 54 110
93 54 110
94 54 113
95 54 118
96 54 117
97 54 114
98 54 110
99 54 110
100 54 114
101 54 123
102 54 132
103 54 138
104 54 126
105 54 114
106 54 112
107 54 125
108 54 134
109 54 129
110 54 122
111 54 122
112 54 136
113 54 135
114 54 135
115 54 135
0 55 57
1 55 57
2 55 56
3 55 55
4 55 54
5 55 53
6 55 53
7 55 53
8 55 60
9 55 66
10 55 63
11 55 53
12 55 47
13 55 51
14 55 54
15 55 53
16 55 51
17 55 61
18 55 71
19 55 77
20 55 76
21 55 74
22 55 75
23 55 78
24 55 96
25 55 94
26 55 93
27 55 95
28 55 96
29 55 92
30 55 84
31 55 77
32 55 74
33 55 74
34 55 74
35 55 74
36 55 74
37 55 74
38 55 74
39 55 74
40 55 74
41 55 74
42 55 74
43 55 74
44 55 74
45 55 74
46 55 74
47 55 74
48 55 74
49 55 74
50 55 75
51 55 77
52 55 78
53 55 77
54 55 74
55 55 72
56 55 76
57 55 72
58 55 70
59 55 72
60 55 77
61 55 78
62 55 75
63 55 70
64 55 78
65 55 70
66 55 70
67 55 81
68 55 94
69 55 97
70 55 95
71 55 94
72 55 92
73 55 94
74 55 92
75 55 89
76 55 90
77 55 95
78 55 95
79 55 91
80 55 93
81 55 96
82 55 104
83 55 108
84 55 101
85 55 92
86 55 96
87 55 107
88 55 96
89 55 101
90 55 104
91 55 102
92 55 96
93 55 96
94 55 103
95 55 110
96 55 112
97 55 114
98 55 117
99 55 119
100 55 122
101 55 127
102 55 134
103 55 138
104 55 129
105 55 113
106 55 110
107 55 125
108 55 138
109 55 134
110 55 128
111 55 127
112 55 135
113 55 134
114 55 133
115 55 132
0 56 55
1 56 55
2 56 55
3 56 55
4 56 55
5 56 55
6 56 55
7 56 55
8 56 53
9 56 53
10 56 54
11 56 54
12 56 54
13 56 54
14 56 53
15 56 52
16 56 63
17 56 70
18 56 75
19 56 76
20 56 80
21 56 85
22 56 85
23 56 81
24 56 99
25 56 101
26 56 99
27 56 94
28 56 93
29 56 96
30 56 96
31 56 92
32 56 73
33 56 71
34 56 70
35 56 73
36 56 76
37 56 77
38 56 74
39 56 70
40 56 71
41 56 73
42 56 76
43 56 77
44 56 76
45 56 74
46 56 72
47 56 71
48 56 74
49 56 74
50 56 74
51 56 74
52 56 74
53 56 74
54 56 74
55 56 74
56 56 74
57 56 74
58 56 74
59 56 74
60 56 74
61 56 74
62 56 74
63 56 74
64 56 72
65 56 73
66 56 76
67 56 79
68 56 83
69 56 87
70 56 89
71 56 91
72 56 92
73 56 93
74 56 95
75 56 96
76 56 96
77 56 95
78 56 93
79 56 92
80 56 98
81 56 96
82 56 94
83 56 94
84 56 94
85 56 94
86 56 93
87 56 91
88 56 93
89 56 93
90 56 93
91 56 92
92 56 93
93 56 99
94 56 108
95 56 115
96 56 117
97 56 111
98 56 108
99 56 115
100 56 125
101 56 131
102 56 133
103 56 134
104 56 129
105 56 119
106 56 112
107 56 117
108 56 125
109 56 130
110 56 133
111 56 135
112 56 134
113 56 134
114 56 134
115 56 134
0 57 55
1 57 55
2 57 55
3 57 55
4 57 55
5 57 55
6 57 55
7 57 55
8 57 53
9 57 54
10 57 55
11 57 54
12 57 53
13 57 53
14 57 55
15 57 56
16 57 69
17 57 73
18 57 78
19 57 85
20 57 89
21 57 90
22 57 90
23 57 90
24 57 100
25 57 100
26 57 96
27 57 92
28 57 92
29 57 95
30 57 93
31 57 87
32 57 88
33 57 81
34 57 71
35 57 65
36 57 65
37 57 71
38 57 77
39 57 81
40 57 73
41 57 68
42 57 63
43 57 64
44 57 69
45 57 74
46 57 76
47 57 76
48 57 74
49 57 74
50 57 74
51 57 74
52 57 74
53 57 74
54 57 74
55 57 74
56 57 74
57 57 74
58 57 74
59 57 74
60 57 74
61 57 74
62 57 74
63 57 74
64 57 71
65 57 72
66 57 72
67 57 73
68 57 73
69 57 74
70 57 74
71 57 75
72 57 83
73 57 85
74 57 88
75 57 91
76 57 94
77 57 96
78 57 97
79 57 97
80 57 95
81 57 94
82 57 94
83 57 94
84 57 95
85 57 94
86 57 93
87 57 91
88 57 96
89 57 94
90 57 93
91 57 96
92 57 102
93 57 109
94 57 114
95 57 116
96 57 115
97 57 113
98 57 114
99 57 121
100 57 129
101 57 133
102 57 135
103 57 135
104 57 134
105 57 120
106 57 110
107 57 116
108 57 128
109 57 133
110 57 133
111 57 131
112 57 134
113 57 134
114 57 134
115 57 134
0 58 55
1 58 55
2 58 55
3 58 55
4 58 55
5 58 55
6 58 55
7 58 55
8 58 53
9 58 55
10 58 56
11 58 54
12 58 52
13 58 53
14 58 58
15 58 63
16 58 76
17 58 74
18 58 81
19 58 94
20 58 98
21 58 93
22 58 92
23 58 97
24 58 97
25 58 95
26 58 91
27 58 87
28 58 90
29 58 94
30 58 89
31 58 81
32 58 94
33 58 87
34 58 76
35 58 66
36 58 61
37 58 65
38 58 74
39 58 81
40 58 64
41 58 57
42 58 53
43 58 56
44 58 66
45 58 74
46 58 75
47 58 73
48 58 74
49 58 74
50 58 74
51 58 74
52 58 74
53 58 74
54 58 74
55 58 74
56 58 74
57 58 74
58 58 74
59 58 74
60 58 74
61 58 74
62 58 74
63 58 74
64 58 75
65 58 75
66 58 74
67 58 74
68 58 73
69 58 72
70 58 71
71 58 71
72 58 75
73 58 77
74 58 80
75 58 84
76 58 88
77 58 91
78 58 94
79 58 95
80 58 90
81 58 92
82 58 93
83 58 95
84 58 95
85 58 94
86 58 93
87 58 92
88 58 95
89 58 93
90 58 93
91 58 99
92 58 109
93 58 115
94 58 116
95 58 114
96 58 113
97 58 117
98 58 123
99 58 128
100 58 133
101 58 136
102 58 136
103 58 135
104 58 134
105 58 119
106 58 109
107 58 116
108 58 131
109 58 137
110 58 136
111 58 133
112 58 134
113 58 134
114 58 134
115 58 134
0 59 55
1 59 55
2 59 55
3 59 55
4 59 55
5 59 55
6 59 55
7 59 55
8 59 54
9 59 56
10 59 56
11 59 54
12 59 52
13 59 55
14 59 63
15 59 70
16 59 80
17 59 74
18 59 80
19 59 96
20 59 99
21 59 88
22 59 85
23 59 94
24 59 91
25 59 88
26 59 83
27 59 82
28 59 88
29 59 92
30 59 86
31 59 76
32 59 83
33 59 84
34 59 82
35 59 76
36 59 69
37 59 64
38 59 64
39 59 66
40 59 54
41 59 55
42 59 59
43 59 66
44 59 73
45 59 76
46 59 73
47 59 70
48 59 74
49 59 74
50 59 74
51 59 74
52 59 74
53 59 74
54 59 74
55 59 74
56 59 74
57 59 74
58 59 74
59 59 74
60 59 74
61 59 74
62 59 74
63 59 74
64 59 75
65 59 75
66 59 76
67 59 76
68 59 77
69 59 77
70 59 78
71 59 78
72 59 74
73 59 75
74 59 76
75 59 78
76 59 80
77 59 83
78 59 85
79 59 86
80 59 87
81 59 90
82 59 93
83 59 95
84 59 95
85 59 94
86 59 94
87 59 94
88 59 92
89 59 93
90 59 97
91 59 103
92 59 108
93 59 112
94 59 112
95 59 112
96 59 113
97 59 122
98 59 130
99 59 134
100 59 136
101 59 136
102 59 135
103 59 131
104 59 126
105 59 115
106 59 110
107 59 117
108 59 128
109 59 134
110 59 136
111 59 137
112 59 134
113 59 134
114 59 134
115 59 134
0 60 55
1 60 55
2 60 55
3 60 55
4 60 55
5 60 55
6 60 55
7 60 55
8 60 55
9 60 55
10 60 55
11 60 54
12 60 54
13 60 59
14 60 67
15 60 74
16 60 79
17 60 72
18 60 76
19 60 90
20 60 90
21 60 78
22 60 74
23 60 82
24 60 81
25 60 79
26 60 76
27 60 76
28 60 84
29 60 89
30 60 84
31 60 73
32 60 73
33 60 77
34 60 81
35 60 79
36 60 70
37 60 61
38 60 55
39 60 52
40 60 53
41 60 60
42 60 69
43 60 73
44 60 73
45 60 73
46 60 73
47 60 75
48 60 74
49 60 74
50 60 74
51 60 74
52 60 74
53 60 74
54 60 74
55 60 74
56 60 74
57 60 74
58 60 74
59 60 74
60 60 74
61 60 74
62 60 74
63 60 74
64 60 70
65 60 71
66 60 72
67 60 73
68 60 74
69 60 76
70 60 77
71 60 77
72 60 75
73 60 76
74 60 78
75 60 80
76 60 82
77 60 83
78 60 84
79 60 84
80 60 87
81 60 90
82 60 94
83 60 95
84 60 94
85 60 93
86 60 95
87 60 96
88 60 93
89 60 100
90 60 107
91 60 109
92 60 107
93 60 107
94 60 111
95 60 116
96 60 118
97 60 128
98 60 136
99 60 136
100 60 136
101 60 136
102 60 132
103 60 125
104 60 116
105 60 112
106 60 112
107 60 116
108 60 119
109 60 121
110 60 126
111 60 133
112 60 134
113 60 134
114 60 134
115 60 134
0 61 55
1 61 55
2 61 55
3 61 55
4 61 55
5 61 55
6 61 55
7 61 55
8 61 56
9 61 54
10 61 53
11 61 54
12 61 58
13 61 65
14 61 72
15 61 76
16 61 77
17 61 72
18 61 74
19 61 81
20 61 80
21 61 71
22 61 68
23 61 73
24 61 74
25 61 74
26 61 72
27 61 73
28 61 79
29 61 83
30 61 79
31 61 70
32 61 72
33 61 73
34 61 71
35 61 67
36 61 61
37 61 56
38 61 53
39 61 52
40 61 54
41 61 59
42 61 64
43 61 63
44 61 60
45 61 60
46 61 67
47 61 75
48 61 74
49 61 74
50 61 74
51 61 74
52 61 74
53 61 74
54 61 74
55 61 74
56 61 74
57 61 74
58 61 74
59 61 74
60 61 74
61 61 74
62 61 74
63 61 74
64 61 73
65 61 73
66 61 73
67 61 73
68 61 74
69 61 74
70 61 74
71 61 74
72 61 74
73 61 77
74 61 81
75 61 86
76 61 89
77 61 91
78 61 92
79 61 92
80 61 89
81 61 93
82 61 96
83 61 95
84 61 93
85 61 93
86 61 96
87 61 100
88 61 102
89 61 110
90 61 117
91 61 116
92 61 111
93 61 110
94 61 118
95 61 126
96 61 129
97 61 137
98 61 140
99 61 136
100 61 135
101 61 136
102 61 130
103 61 120
104 61 113
105 61 112
106 61 114
107 61 115
108 61 112
109 61 109
110 61 116
111 61 125
112 61 134
113 61 134
114 61 134
115 61 134
0 62 55
1 62 55
2 62 55
3 62 55
4 62 55
5 62 55
6 62 55
7 62 55
8 62 57
9 62 53
10 62 51
11 62 54
12 62 63
13 62 71
14 62 75
15 62 75
16 62 75
17 62 74
18 62 74
19 62 74
20 62 73
21 62 72
22 62 71
23 62 71
24 62 70
25 62 73
26 62 73
27 62 72
28 62 73
29 62 76
30 62 72
31 62 65
32 62 74
33 62 68
34 62 61
35 62 56
36 62 54
37 62 55
38 62 55
39 62 55
40 62 54
41 62 58
42 62 61
43 62 61
44 62 60
45 62 61
46 62 66
47 62 71
48 62 74
49 62 74
50 62 74
51 62 74
52 62 74
53 62 74
54 62 74
55 62 74
56 62 74
57 62 74
58 62 74
59 62 74
60 62 74
61 62 74
62 62 74
63 62 74
64 62 76
65 62 76
66 62 76
67 62 76
68 62 76
69 62 76
70 62 76
71 62 76
72 62 72
73 62 76
74 62 83
75 62 90
76 62 95
77 62 96
78 62 96
79 62 95
80 62 93
81 62 96
82 62 98
83 62 95
84 62 92
85 62 92
86 62 98
87 62 103
88 62 112
89 62 116
90 62 119
91 62 118
92 62 116
93 62 118
94 62 127
95 62 135
96 62 142
97 62 147
98 62 144
99 62 136
100 62 135
101 62 138
102 62 130
103 62 116
104 62 115
105 62 114
106 62 115
107 62 117
108 62 117
109 62 116
110 62 121
111 62 128
112 62 134
113 62 134
114 62 134
115 62 134
0 63 55
1 63 55
2 63 55
3 63 55
4 63 55
5 63 55
6 63 55
7 63 55
8 63 58
9 63 52
10 63 49
11 63 55
12 63 66
13 63 75
14 63 76
15 63 74
16 63 74
17 63 77
18 63 76
19 63 72
20 63 72
21 63 76
22 63 76
23 63 73
24 63 69
25 63 73
26 63 75
27 63 72
28 63 70
29 63 70
30 63 67
31 63 61
32 63 71
33 63 65
34 63 57
35 63 54
36 63 55
37 63 56
38 63 56
39 63 54
40 63 59
41 63 63
42 63 69
43 63 76
44 63 79
45 63 78
46 63 75
47 63 71
48 63 74
49 63 74
50 63 74
51 63 74
52 63 74
53 63 74
54 63 74
55 63 74
56 63 74
57 63 74
58 63 74
59 63 74
60 63 74
61 63 74
62 63 74
63 63 74
64 63 72
65 63 72
66 63 73
67 63 74
68 63 74
69 63 75
70 63 76
71 63 76
72 63 70
73 63 75
74 63 83
75 63 90
76 63 95
77 63 95
78 63 93
79 63 92
80 63 96
81 63 98
82 63 99
83 63 95
84 63 91
85 63 92
86 63 98
87 63 105
88 63 118
89 63 117
90 63 115
91 63 115
92 63 118
93 63 125
94 63 133
95 63 139
96 63 152
97 63 154
98 63 147
99 63 136
100 63 135
101 63 140
102 63 131
103 63 115
104 63 118
105 63 114
106 63 115
107 63 121
108 63 127
109 63 130
110 63 134
111 63 139
112 63 134
113 63 134
114 63 134
115 63 134
0 64 54
1 64 54
2 64 54
3 64 54
4 64 54
5 64 54
6 64 54
7 64 54
8 64 57
9 64 53
10 64 56
11 64 67
12 64 74
13 64 73
14 64 72
15 64 75
16 64 78
17 64 74
18 64 72
19 64 72
20 64 75
21 64 75
22 64 72
23 64 68
24 64 60
25 64 57
26 64 58
27 64 66
28 64 70
29 64 66
30 64 61
31 64 58
32 64 50
33 64 55
34 64 54
35 64 51
36 64 58
37 64 70
38 64 72
39 64 64
40 64 78
41 64 73
42 64 69
43 64 70
44 64 75
45 64 76
46 64 73
47 64 69
48 64 68
49 64 69
50 64 71
51 64 73
52 64 75
53 64 76
54 64 76
55 64 76
56 64 78
57 64 78
58 64 77
59 64 77
60 64 76
61 64 75
62 64 74
63 64 74
64 64 77
65 64 75
66 64 74
67 64 76
68 64 75
69 64 73
70 64 72
71 64 74
72 64 85
73 64 81
74 64 84
75 64 94
76 64 99
77 64 95
78 64 93
79 64 97
80 64 96
81 64 95
82 64 94
83 64 96
84 64 101
85 64 106
86 64 109
87 64 111
88 64 118
89 64 113
90 64 115
91 64 127
92 64 138
93 64 140
94 64 138
95 64 137
96 64 136
97 64 133
98 64 134
99 64 138
100 64 134
101 64 123
102 64 116
103 64 118
104 64 112
105 64 118
106 64 127
107 64 134
108 64 136
109 64 135
110 64 133
111 64 132
112 64 134
113 64 134
114 64 134
115 64 134
0 65 54
1 65 54
2 65 54
3 65 54
4 65 54
5 65 54
6 65 54
7 65 54
8 65 56
9 65 51
10 65 55
11 65 68
12 65 77
13 65 76
14 65 72
15 65 71
16 65 77
17 65 76
18 65 74
19 65 74
20 65 75
21 65 76
22 65 75
23 65 74
24 65 74
25 65 63
26 65 55
27 65 54
28 65 56
29 65 55
30 65 56
31 65 58
32 65 53
33 65 53
34 65 51
35 65 51
36 65 58
37 65 67
38 65 71
39 65 70
40 65 74
41 65 73
42 65 74
43 65 80
44 65 86
45 65 86
46 65 81
47 65 75
48 65 73
49 65 73
50 65 74
51 65 74
52 65 73
53 65 73
54 65 72
55 65 72
56 65 73
57 65 73
58 65 72
59 65 72
60 65 72
61 65 72
62 65 73
63 65 73
64 65 70
65 65 71
66 65 73
67 65 75
68 65 75
69 65 76
70 65 80
71 65 85
72 65 90
73 65 87
74 65 88
75 65 94
76 65 96
77 65 94
78 65 96
79 65 102
80 65 110
81 65 110
82 65 110
83 65 112
84 65 115
85 65 116
86 65 117
87 65 116
88 65 116
89 65 112
90 65 112
91 65 118
92 65 123
93 65 126
94 65 132
95 65 138
96 65 137
97 65 133
98 65 134
99 65 137
100 65 134
101 65 123
102 65 115
103 65 114
104 65 119
105 65 122
106 65 126
107 65 131
108 65 135
109 65 137
110 65 137
111 65 136
112 65 134
113 65 134
114 65 134
115 65 134
0 66 54
1 66 54
2 66 54
3 66 54
4 66 54
5 66 54
6 66 54
7 66 54
8 66 54
9 66 51
10 66 56
11 66 68
12 66 78
13 66 77
14 66 73
15 66 70
16 66 83
17 66 83
18 66 82
19 66 79
20 66 76
21 66 74
22 66 74
23 66 76
24 66 75
25 66 63
26 66 52
27 66 49
28 66 49
29 66 49
30 66 51
31 66 55
32 66 57
33 66 51
34 66 49
35 66 54
36 66 60
37 66 65
38 66 70
39 66 76
40 66 73
41 66 72
42 66 73
43 66 77
44 66 83
45 66 84
46 66 81
47 66 77
48 66 75
49 66 75
50 66 75
51 66 74
52 66 74
53 66 73
54 66 73
55 66 73
56 66 72
57 66 72
58 66 70
59 66 70
60 66 70
61 66 72
62 66 73
63 66 75
64 66 72
65 66 77
66 66 80
67 66 79
68 66 77
69 66 80
70 66 89
71 66 96
72 66 99
73 66 97
74 66 95
75 66 95
76 66 93
77 66 93
78 66 101
79 66 111
80 66 114
81 66 115
82 66 116
83 66 117
84 66 117
85 66 115
86 66 114
87 66 113
88 66 117
89 66 116
90 66 119
91 66 124
92 66 125
93 66 125
94 66 131
95 66 139
96 66 137
97 66 133
98 66 132
99 66 136
100 66 135
101 66 125
102 66 115
103 66 110
104 66 120
105 66 117
106 66 117
107 66 121
108 66 128
109 66 133
110 66 135
111 66 135
112 66 134
113 66 134
114 66 134
115 66 134
0 67 54
1 67 54
2 67 54
3 67 54
4 67 54
5 67 54
6 67 54
7 67 54
8 67 52
9 67 55
10 67 62
11 67 69
12 67 74
13 67 75
14 67 76
15 67 77
16 67 92
17 67 93
18 67 92
19 67 85
20 67 77
21 67 71
22 67 71
23 67 72
24 67 62
25 67 55
26 67 51
27 67 54
28 67 56
29 67 53
30 67 51
31 67 51
32 67 57
33 67 50
34 67 51
35 67 61
36 67 66
37 67 65
38 67 69
39 67 79
40 67 79
41 67 75
42 67 70
43 67 70
44 67 72
45 67 76
46 67 77
47 67 77
48 67 73
49 67 73
50 67 73
51 67 73
52 67 74
53 67 75
54 67 77
55 67 77
56 67 75
57 67 74
58 67 73
59 67 74
60 67 75
61 67 78
62 67 81
63 67 83
64 67 87
65 67 93
66 67 96
67 67 90
68 67 84
69 67 87
70 67 95
71 67 102
72 67 108
73 67 106
74 67 103
75 67 97
76 67 93
77 67 95
78 67 106
79 67 117
80 67 112
81 67 113
82 67 113
83 67 112
84 67 110
85 67 110
86 67 110
87 67 111
88 67 114
89 67 117
90 67 125
91 67 136
92 67 139
93 67 135
94 67 133
95 67 135
96 67 135
97 67 132
98 67 132
99 67 134
100 67 135
101 67 129
102 67 119
103 67 112
104 67 117
105 67 112
106 67 109
107 67 114
108 67 124
109 67 132
110 67 135
111 67 134
112 67 134
113 67 134
114 67 134
115 67 134
0 68 54
1 68 54
2 68 54
3 68 54
4 68 54
5 68 54
6 68 54
7 68 54
8 68 54
9 68 62
10 68 69
11 68 70
12 68 68
13 68 72
14 68 82
15 68 89
16 68 96
17 68 97
18 68 96
19 68 90
20 68 81
21 68 74
22 68 71
23 68 72
24 68 59
25 68 53
26 68 52
27 68 57
28 68 60
29 68 57
30 68 52
31 68 51
32 68 55
33 68 52
34 68 57
35 68 69
36 68 73
37 68 68
38 68 70
39 68 78
40 68 78
41 68 76
42 68 74
43 68 73
44 68 75
45 68 76
46 68 77
47 68 77
48 68 72
49 68 72
50 68 71
51 68 71
52 68 72
53 68 73
54 68 75
55 68 76
56 68 72
57 68 73
58 68 75
59 68 79
60 68 84
61 68 90
62 68 95
63 68 98
64 68 102
65 68 110
66 68 111
67 68 102
68 68 94
69 68 98
70 68 105
71 68 109
72 68 113
73 68 113
74 68 110
75 68 101
76 68 96
77 68 100
78 68 111
79 68 120
80 68 116
81 68 116
82 68 115
83 68 113
84 68 111
85 68 113
86 68 118
87 68 123
88 68 115
89 68 113
90 68 118
91 68 131
92 68 139
93 68 137
94 68 132
95 68 129
96 68 134
97 68 134
98 68 134
99 68 134
100 68 135
101 68 133
102 68 126
103 68 119
104 68 117
105 68 113
106 68 111
107 68 116
108 68 127
109 68 136
110 68 138
111 68 137
112 68 134
113 68 134
114 68 134
115 68 134
0 69 54
1 69 54
2 69 54
3 69 54
4 69 54
5 69 54
6 69 54
7 69 54
8 69 59
9 69 68
10 69 74
11 69 71
12 69 69
13 69 76
14 69 89
15 69 97
16 69 93
17 69 94
18 69 95
19 69 93
20 69 87
21 69 81
22 69 76
23 69 74
24 69 70
25 69 61
26 69 53
27 69 53
28 69 55
29 69 54
30 69 54
31 69 56
32 69 55
33 69 58
34 69 65
35 69 74
36 69 76
37 69 73
38 69 73
39 69 76
40 69 67
41 69 70
42 69 74
43 69 77
44 69 79
45 69 77
46 69 75
47 69 73
48 69 79
49 69 77
50 69 75
51 69 73
52 69 71
53 69 71
54 69 72
55 69 73
56 69 70
57 69 74
58 69 80
59 69 87
60 69 95
61 69 102
62 69 108
63 69 111
64 69 109
65 69 118
66 69 119
67 69 110
68 69 104
69 69 110
70 69 116
71 69 116
72 69 114
73 69 116
74 69 114
75 69 107
76 69 103
77 69 108
78 69 115
79 69 118
80 69 118
81 69 118
82 69 117
83 69 114
84 69 112
85 69 116
86 69 124
87 69 131
88 69 127
89 69 119
90 69 115
91 69 123
92 69 133
93 69 136
94 69 135
95 69 135
96 69 136
97 69 139
98 69 140
99 69 136
100 69 134
101 69 134
102 69 132
103 69 128
104 69 118
105 69 115
106 69 112
107 69 114
108 69 122
109 69 130
110 69 134
111 69 135
112 69 134
113 69 134
114 69 134
115 69 134
0 70 54
1 70 54
2 70 54
3 70 54
4 70 54
5 70 54
6 70 54
7 70 54
8 70 65
9 70 72
10 70 75
11 70 73
12 70 77
13 70 87
14 70 95
15 70 96
16 70 92
17 70 93
18 70 94
19 70 94
20 70 92
21 70 86
22 70 78
23 70 71
24 70 76
25 70 64
26 70 54
27 70 51
28 70 52
29 70 52
30 70 53
31 70 57
32 70 57
33 70 66
34 70 73
35 70 74
36 70 74
37 70 77
38 70 77
39 70 76
40 70 74
41 70 75
42 70 75
43 70 74
44 70 74
45 70 75
46 70 76
47 70 77
48 70 90
49 70 88
50 70 85
51 70 82
52 70 80
53 70 81
54 70 82
55 70 83
56 70 83
57 70 86
58 70 93
59 70 100
60 70 107
61 70 111
62 70 114
63 70 115
64 70 113
65 70 121
66 70 122
67 70 112
68 70 110
69 70 117
70 70 119
71 70 114
72 70 112
73 70 117
74 70 117
75 70 112
76 70 111
77 70 116
78 70 116
79 70 113
80 70 112
81 70 115
82 70 116
83 70 114
84 70 111
85 70 114
86 70 121
87 70 129
88 70 136
89 70 129
90 70 125
91 70 129
92 70 133
93 70 134
94 70 136
95 70 139
96 70 142
97 70 148
98 70 148
99 70 139
100 70 132
101 70 133
102 70 135
103 70 133
104 70 125
105 70 120
106 70 114
107 70 110
108 70 112
109 70 119
110 70 127
111 70 132
112 70 134
113 70 134
114 70 134
115 70 134
0 71 54
1 71 54
2 71 54
3 71 54
4 71 54
5 71 54
6 71 54
7 71 54
8 71 69
9 71 73
10 71 74
11 71 75
12 71 85
13 71 97
14 71 98
15 71 92
16 71 95
17 71 95
18 71 95
19 71 96
20 71 95
21 71 87
22 71 75
23 71 66
24 71 71
25 71 62
26 71 54
27 71 55
28 71 56
29 71 54
30 71 53
31 71 54
32 71 60
33 71 72
34 71 77
35 71 72
36 71 71
37 71 79
38 71 81
39 71 77
40 71 98
41 71 91
42 71 81
43 71 72
44 71 69
45 71 74
46 71 84
47 71 91
48 71 97
49 71 95
50 71 93
51 71 92
52 71 92
53 71 94
54 71 96
55 71 98
56 71 100
57 71 103
58 71 108
59 71 112
60 71 115
61 71 115
62 71 114
63 71 113
64 71 116
65 71 124
66 71 123
67 71 113
68 71 111
69 71 118
70 71 117
71 71 108
72 71 111
73 71 116
74 71 117
75 71 115
76 71 116
77 71 121
78 71 117
79 71 109
80 71 109
81 71 113
82 71 117
83 71 116
84 71 113
85 71 113
86 71 119
87 71 125
88 71 131
89 71 131
90 71 134
91 71 138
92 71 136
93 71 130
94 71 130
95 71 133
96 71 147
97 71 155
98 71 154
99 71 141
100 71 131
101 71 131
102 71 135
103 71 136
104 71 137
105 71 131
106 71 121
107 71 112
108 71 110
109 71 116
110 71 127
111 71 135
112 71 134
113 71 134
114 71 134
115 71 134
0 72 54
1 72 51
2 72 51
3 72 54
4 72 55
5 72 52
6 72 56
7 72 63
8 72 76
9 72 77
10 72 71
11 72 75
12 72 92
13 72 96
14 72 90
15 72 92
16 72 103
17 72 90
18 72 81
19 72 82
20 72 81
21 72 75
22 72 72
23 72 74
24 72 83
25 72 67
26 72 55
27 72 54
28 72 56
29 72 55
30 72 55
31 72 59
32 72 72
33 72 75
34 72 75
35 72 72
36 72 73
37 72 82
38 72 90
39 72 92
40 72 93
41 72 89
42 72 85
43 72 84
44 72 85
45 72 88
46 72 90
47 72 90
48 72 98
49 72 103
50 72 110
51 72 117
52 72 119
53 72 118
54 72 114
55 72 111
56 72 120
57 72 114
58 72 106
59 72 100
60 72 98
61 72 102
62 72 108
63 72 112
64 72 113
65 72 113
66 72 114
67 72 114
68 72 115
69 72 116
70 72 116
71 72 117
72 72 113
73 72 113
74 72 113
75 72 113
76 72 113
77 72 113
78 72 113
79 72 113
80 72 113
81 72 114
82 72 113
83 72 110
84 72 108
85 72 113
86 72 125
87 72 134
88 72 133
89 72 134
90 72 135
91 72 134
92 72 133
93 72 132
94 72 133
95 72 134
96 72 136
97 72 134
98 72 132
99 72 130
100 72 129
101 72 130
102 72 132
103 72 134
104 72 131
105 72 136
106 72 137
107 72 126
108 72 112
109 72 109
110 72 120
111 72 133
112 72 133
113 72 134
114 72 135
115 72 135
0 73 52
1 73 52
2 73 53
3 73 53
4 73 55
5 73 60
6 73 65
7 73 68
8 73 74
9 73 79
10 73 77
11 73 82
12 73 96
13 73 97
14 73 90
15 73 92
16 73 91
17 73 80
18 73 73
19 73 74
20 73 76
21 73 73
22 73 73
23 73 76
24 73 78
25 73 65
26 73 55
27 73 54
28 73 55
29 73 55
30 73 58
31 73 64
32 73 76
33 73 77
34 73 76
35 73 73
36 73 77
37 73 87
38 73 94
39 73 94
40 73 100
41 73 96
42 73 92
43 73 90
44 73 91
45 73 93
46 73 94
47 73 94
48 73 92
49 73 97
50 73 103
51 73 110
52 73 114
53 73 116
54 73 115
55 73 114
56 73 106
57 73 103
58 73 99
59 73 97
60 73 99
61 73 105
62 73 113
63 73 118
64 73 114
65 73 114
66 73 114
67 73 114
68 73 114
69 73 114
70 73 113
71 73 113
72 73 113
73 73 113
74 73 113
75 73 113
76 73 113
77 73 113
78 73 113
79 73 113
80 73 117
81 73 116
82 73 115
83 73 113
84 73 113
85 73 119
86 73 128
87 73 135
88 73 133
89 73 134
90 73 135
91 73 135
92 73 135
93 73 135
94 73 136
95 73 137
96 73 135
97 73 134
98 73 133
99 73 132
100 73 132
101 73 133
102 73 134
103 73 135
104 73 132
105 73 134
106 73 132
107 73 122
108 73 112
109 73 111
110 73 122
111 73 133
112 73 134
113 73 134
114 73 133
115 73 133
0 74 50
1 74 55
2 74 55
3 74 51
4 74 56
5 74 69
6 74 75
7 74 73
8 74 74
9 74 84
10 74 86
11 74 90
12 74 100
13 74 98
14 74 91
15 74 94
16 74 87
17 74 77
18 74 70
19 74 70
20 74 73
21 74 73
22 74 74
23 74 76
24 74 71
25 74 62
26 74 55
27 74 53
28 74 54
29 74 57
30 74 64
31 74 72
32 74 85
33 74 84
34 74 79
35 74 77
36 74 82
37 74 92
38 74 95
39 74 93
40 74 103
41 74 100
42 74 96
43 74 94
44 74 95
45 74 96
46 74 96
47 74 95
48 74 90
49 74 92
50 74 96
51 74 100
52 74 104
53 74 106
54 74 108
55 74 108
56 74 94
57 74 93
58 74 93
59 74 94
60 74 99
61 74 105
62 74 111
63 74 115
64 74 115
65 74 116
66 74 116
67 74 116
68 74 115
69 74 114
70 74 113
71 74 112
72 74 113
73 74 113
74 74 113
75 74 113
76 74 113
77 74 113
78 74 113
79 74 113
80 74 119
81 74 116
82 74 113
83 74 114
84 74 119
85 74 126
86 74 131
87 74 134
88 74 135
89 74 135
90 74 135
91 74 135
92 74 135
93 74 135
94 74 134
95 74 134
96 74 133
97 74 133
98 74 133
99 74 133
100 74 133
101 74 134
102 74 134
103 74 134
104 74 131
105 74 133
106 74 132
107 74 127
108 74 120
109 74 117
110 74 118
111 74 121
112 74 138
113 74 136
114 74 134
115 74 132
0 75 49
1 75 58
2 75 57
3 75 49
4 75 56
5 75 74
6 75 80
7 75 73
8 75 77
9 75 90
10 75 93
11 75 94
12 75 100
13 75 96
14 75 91
15 75 97
16 75 94
17 75 86
18 75 77
19 75 74
20 75 74
21 75 74
22 75 73
23 75 72
24 75 63
25 75 59
26 75 55
27 75 53
28 75 54
29 75 60
30 75 70
31 75 78
32 75 93
33 75 89
34 75 82
35 75 79
36 75 85
37 75 94
38 75 95
39 75 90
40 75 99
41 75 97
42 75 94
43 75 94
44 75 95
45 75 96
46 75 95
47 75 93
48 75 94
49 75 94
50 75 93
51 75 93
52 75 93
53 75 94
54 75 95
55 75 96
56 75 94
57 75 93
58 75 93
59 75 94
60 75 96
61 75 98
62 75 101
63 75 103
64 75 113
65 75 114
66 75 116
67 75 117
68 75 117
69 75 117
70 75 116
71 75 115
72 75 113
73 75 113
74 75 113
75 75 113
76 75 113
77 75 113
78 75 113
79 75 113
80 75 116
81 75 112
82 75 110
83 75 114
84 75 124
85 75 132
86 75 134
87 75 134
88 75 137
89 75 135
90 75 134
91 75 133
92 75 133
93 75 133
94 75 131
95 75 130
96 75 134
97 75 134
98 75 134
99 75 134
100 75 134
101 75 133
102 75 132
103 75 131
104 75 130
105 75 133
106 75 137
107 75 137
108 75 133
109 75 125
110 75 115
111 75 108
112 75 138
113 75 137
114 75 136
115 75 135
0 76 51
1 76 58
2 76 57
3 76 50
4 76 56
5 76 74
6 76 78
7 76 70
8 76 83
9 76 95
10 76 96
11 76 94
12 76 97
13 76 92
14 76 89
15 76 97
16 76 96
17 76 90
18 76 82
19 76 76
20 76 76
21 76 76
22 76 73
23 76 69
24 76 57
25 76 57
26 76 55
27 76 53
28 76 56
29 76 64
30 76 74
31 76 80
32 76 90
33 76 87
34 76 80
35 76 78
36 76 85
37 76 95
38 76 97
39 76 92
40 76 94
41 76 93
42 76 92
43 76 93
44 76 95
45 76 96
46 76 94
47 76 92
48 76 97
49 76 96
50 76 95
51 76 93
52 76 92
53 76 91
54 76 91
55 76 91
56 76 95
57 76 95
58 76 94
59 76 94
60 76 93
61 76 93
62 76 92
63 76 92
64 76 103
65 76 106
66 76 109
67 76 113
68 76 116
69 76 116
70 76 116
71 76 116
72 76 113
73 76 113
74 76 113
75 76 113
76 76 113
77 76 113
78 76 113
79 76 113
80 76 115
81 76 111
82 76 110
83 76 117
84 76 128
85 76 136
86 76 137
87 76 134
88 76 134
89 76 132
90 76 131
91 76 132
92 76 134
93 76 135
94 76 134
95 76 132
96 76 137
97 76 137
98 76 137
99 76 136
100 76 135
101 76 134
102 76 132
103 76 131
104 76 133
105 76 134
106 76 135
107 76 137
108 76 137
109 76 132
110 76 123
111 76 116
112 76 129
113 76 131
114 76 134
115 76 136
0 77 52
1 77 56
2 77 55
3 77 53
4 77 61
5 77 73
6 77 75
7 77 68
8 77 87
9 77 97
10 77 96
11 77 92
12 77 94
13 77 88
14 77 83
15 77 90
16 77 86
17 77 84
18 77 79
19 77 74
20 77 74
21 77 76
22 77 72
23 77 65
24 77 54
25 77 55
26 77 55
27 77 54
28 77 59
29 77 69
30 77 76
31 77 77
32 77 79
33 77 78
34 77 75
35 77 74
36 77 82
37 77 93
38 77 98
39 77 97
40 77 93
41 77 93
42 77 93
43 77 95
44 77 97
45 77 97
46 77 94
47 77 91
48 77 93
49 77 94
50 77 95
51 77 96
52 77 97
53 77 96
54 77 95
55 77 94
56 77 93
57 77 93
58 77 93
59 77 93
60 77 92
61 77 92
62 77 92
63 77 92
64 77 93
65 77 96
66 77 101
67 77 107
68 77 111
69 77 114
70 77 114
71 77 114
72 77 113
73 77 113
74 77 113
75 77 113
76 77 113
77 77 113
78 77 113
79 77 113
80 77 115
81 77 113
82 77 114
83 77 121
84 77 130
85 77 136
86 77 135
87 77 131
88 77 127
89 77 124
90 77 124
91 77 127
92 77 134
93 77 137
94 77 137
95 77 134
96 77 136
97 77 136
98 77 135
99 77 135
100 77 135
101 77 134
102 77 134
103 77 134
104 77 137
105 77 133
106 77 129
107 77 129
108 77 132
109 77 135
110 77 135
111 77 134
112 77 115
113 77 119
114 77 125
115 77 131
0 78 53
1 78 52
2 78 52
3 78 58
4 78 68
5 78 74
6 78 74
7 78 71
8 78 87
9 78 96
10 78 94
11 78 92
12 78 94
13 78 86
14 78 76
15 78 79
16 78 76
17 78 78
18 78 75
19 78 71
20 78 72
21 78 75
22 78 69
23 78 59
24 78 52
25 78 55
26 78 54
27 78 54
28 78 62
29 78 74
30 78 77
31 78 73
32 78 73
33 78 74
34 78 73
35 78 71
36 78 76
37 78 86
38 78 92
39 78 93
40 78 95
41 78 95
42 78 95
43 78 96
44 78 96
45 78 94
46 78 89
47 78 85
48 78 84
49 78 87
50 78 92
51 78 96
52 78 98
53 78 97
54 78 94
55 78 92
56 78 92
57 78 92
58 78 92
59 78 92
60 78 92
61 78 93
62 78 94
63 78 94
64 78 89
65 78 93
66 78 100
67 78 106
68 78 111
69 78 113
70 78 114
71 78 113
72 78 113
73 78 113
74 78 113
75 78 113
76 78 113
77 78 113
78 78 113
79 78 113
80 78 114
81 78 114
82 78 115
83 78 120
84 78 125
85 78 127
86 78 124
87 78 121
88 78 120
89 78 117
90 78 115
91 78 118
92 78 125
93 78 128
94 78 127
95 78 123
96 78 126
97 78 125
98 78 125
99 78 126
100 78 128
101 78 130
102 78 133
103 78 135
104 78 137
105 78 133
106 78 130
107 78 130
108 78 132
109 78 135
110 78 136
111 78 135
112 78 110
113 78 112
114 78 117
115 78 122
0 79 54
1 79 48
2 79 51
3 79 63
4 79 73
5 79 75
6 79 74
7 79 75
8 79 86
9 79 94
10 79 94
11 79 92
12 79 95
13 79 85
14 79 71
15 79 70
16 79 74
17 79 77
18 79 75
19 79 71
20 79 71
21 79 73
22 79 66
23 79 54
24 79 52
25 79 54
26 79 54
27 79 55
28 79 65
29 79 77
30 79 77
31 79 69
32 79 74
33 79 76
34 79 75
35 79 70
36 79 70
37 79 77
38 79 84
39 79 86
40 79 96
41 79 95
42 79 95
43 79 95
44 79 93
45 79 89
46 79 83
47 79 78
48 79 76
49 79 81
50 79 88
51 79 93
52 79 94
53 79 92
54 79 87
55 79 84
56 79 93
57 79 93
58 79 92
59 79 92
60 79 92
61 79 93
62 79 94
63 79 95
64 79 92
65 79 96
66 79 102
67 79 109
68 79 113
69 79 115
70 79 116
71 79 115
72 79 113
73 79 113
74 79 113
75 79 113
76 79 113
77 79 113
78 79 113
79 79 113
80 79 112
81 79 112
82 79 114
83 79 117
84 79 118
85 79 116
86 79 112
87 79 109
88 79 117
89 79 112
90 79 108
91 79 110
92 79 114
93 79 115
94 79 111
95 79 107
96 79 113
97 79 113
98 79 114
99 79 115
100 79 119
101 79 124
102 79 130
103 79 133
104 79 132
105 79 134
106 79 137
107 79 139
108 79 138
109 79 133
110 79 127
111 79 122
112 79 112
113 79 113
114 79 114
115 79 114
0 80 52
1 80 57
2 80 53
3 80 56
4 80 71
5 80 75
6 80 71
7 80 76
8 80 78
9 80 102
10 80 91
11 80 86
12 80 84
13 80 75
14 80 79
15 80 74
16 80 77
17 80 76
18 80 79
19 80 72
20 80 58
21 80 59
22 80 64
23 80 57
24 80 57
25 80 51
26 80 53
27 80 66
28 80 75
29 80 75
30 80 72
31 80 73
32 80 74
33 80 74
34 80 73
35 80 73
36 80 73
37 80 74
38 80 75
39 80 76
40 80 93
41 80 92
42 80 90
43 80 87
44 80 83
45 80 80
46 80 78
47 80 77
48 80 77
49 80 79
50 80 84
51 80 87
52 80 82
53 80 73
54 80 72
55 80 75
56 80 93
57 80 95
58 80 94
59 80 91
60 80 92
61 80 95
62 80 92
63 80 87
64 80 105
65 80 107
66 80 111
67 80 114
68 80 116
69 80 116
70 80 115
71 80 114
72 80 113
73 80 113
74 80 113
75 80 113
76 80 113
77 80 113
78 80 113
79 80 113
80 80 113
81 80 113
82 80 113
83 80 113
84 80 113
85 80 113
86 80 113
87 80 113
88 80 113
89 80 113
90 80 113
91 80 113
92 80 113
93 80 113
94 80 113
95 80 113
96 80 113
97 80 113
98 80 113
99 80 113
100 80 113
101 80 113
102 80 113
103 80 113
104 80 129
105 80 129
106 80 129
107 80 127
108 80 125
109 80 122
110 80 118
111 80 116
112 80 113
113 80 113
114 80 113
115 80 113
0 81 52
1 81 57
2 81 53
3 81 56
4 81 71
5 81 75
6 81 71
7 81 76
8 81 73
9 81 96
10 81 84
11 81 79
12 81 78
13 81 71
14 81 75
15 81 70
16 81 75
17 81 73
18 81 77
19 81 70
20 81 55
21 81 56
22 81 61
23 81 54
24 81 57
25 81 51
26 81 52
27 81 63
28 81 72
29 81 73
30 81 72
31 81 73
32 81 74
33 81 74
34 81 73
35 81 73
36 81 73
37 81 74
38 81 75
39 81 76
40 81 75
41 81 75
42 81 75
43 81 74
44 81 74
45 81 74
46 81 74
47 81 74
48 81 72
49 81 73
50 81 77
51 81 80
52 81 79
53 81 77
54 81 81
55 81 89
56 81 93
57 81 95
58 81 94
59 81 92
60 81 95
61 81 101
62 81 101
63 81 97
64 81 107
65 81 109
66 81 112
67 81 114
68 81 115
69 81 115
70 81 114
71 81 113
72 81 113
73 81 113
74 81 113
75 81 113
76 81 113
77 81 113
78 81 113
79 81 113
80 81 113
81 81 113
82 81 113
83 81 113
84 81 113
85 81 113
86 81 113
87 81 113
88 81 113
89 81 113
90 81 113
91 81 113
92 81 113
93 81 113
94 81 113
95 81 113
96 81 113
97 81 113
98 81 113
99 81 113
100 81 113
101 81 113
102 81 113
103 81 113
104 81 116
105 81 117
106 81 117
107 81 117
108 81 116
109 81 114
110 81 112
111 81 111
112 81 113
113 81 113
114 81 113
115 81 113
0 82 52
1 82 57
2 82 53
3 82 56
4 82 71
5 82 75
6 82 71
7 82 76
8 82 72
9 82 93
10 82 79
11 82 73
12 82 74
13 82 68
14 82 75
15 82 70
16 82 73
17 82 71
18 82 74
19 82 67
20 82 53
21 82 53
22 82 58
23 82 51
24 82 56
25 82 51
26 82 52
27 82 60
28 82 68
29 82 71
30 82 72
31 82 74
32 82 74
33 82 74
34 82 73
35 82 73
36 82 73
37 82 74
38 82 75
39 82 76
40 82 69
41 82 69
42 82 70
43 82 71
44 82 72
45 82 74
46 82 75
47 82 75
48 82 72
49 82 70
50 82 71
51 82 74
52 82 75
53 82 78
54 82 88
55 82 99
56 82 94
57 82 95
58 82 94
59 82 93
60 82 99
61 82 108
62 82 111
63 82 109
64 82 109
65 82 111
66 82 113
67 82 114
68 82 115
69 82 114
70 82 113
71 82 112
72 82 113
73 82 113
74 82 113
75 82 113
76 82 113
77 82 113
78 82 113
79 82 113
80 82 113
81 82 113
82 82 113
83 82 113
84 82 113
85 82 113
86 82 113
87 82 113
88 82 113
89 82 113
90 82 113
91 82 113
92 82 113
93 82 113
94 82 113
95 82 113
96 82 113
97 82 113
98 82 113
99 82 113
100 82 113
101 82 113
102 82 113
103 82 113
104 82 112
105 82 112
106 82 114
107 82 115
108 82 115
109 82 115
110 82 114
111 82 114
112 82 113
113 82 113
114 82 113
115 82 113
0 83 52
1 83 57
2 83 53
3 83 56
4 83 71
5 83 75
6 83 71
7 83 76
8 83 75
9 83 94
10 83 78
11 83 72
12 83 74
13 83 71
14 83 78
15 83 74
16 83 73
17 83 71
18 83 74
19 83 67
20 83 52
21 83 52
22 83 57
23 83 50
24 83 55
25 83 52
26 83 52
27 83 56
28 83 63
29 83 69
30 83 72
31 83 74
32 83 74
33 83 74
34 83 73
35 83 73
36 83 73
37 83 74
38 83 75
39 83 76
40 83 75
41 83 75
42 83 75
43 83 75
44 83 74
45 83 74
46 83 74
47 83 74
48 83 75
49 83 73
50 83 72
51 83 73
52 83 74
53 83 76
54 83 87
55 83 99
56 83 95
57 83 96
58 83 94
59 83 93
60 83 100
61 83 111
62 83 116
63 83 116
64 83 112
65 83 113
66 83 114
67 83 115
68 83 114
69 83 114
70 83 112
71 83 112
72 83 113
73 83 113
74 83 113
75 83 113
76 83 113
77 83 113
78 83 113
79 83 113
80 83 113
81 83 113
82 83 113
83 83 113
84 83 113
85 83 113
86 83 113
87 83 113
88 83 113
89 83 113
90 83 113
91 83 113
92 83 113
93 83 113
94 83 113
95 83 113
96 83 113
97 83 113
98 83 113
99 83 113
100 83 113
101 83 113
102 83 113
103 83 113
104 83 114
105 83 114
106 83 115
107 83 116
108 83 117
109 83 117
110 83 117
111 83 117
112 83 113
113 83 113
114 83 113
115 83 113
