110.175 
109.439 
110.86 
133.428 
133.684 
130.839 
136.1 
132.456 
130.429 
130.473 
117.393 
108.511 
110.655 
109.602 
111.129 
105.427 
111.568 
109.916 
98.5605 
94.9251 
88.7828 
90.6681 
87.7433 
93.967 
88.9403 
90.2495 
90.4869 
89.0613 
89.319 
88.6391 
88.6944 
91.4685 
90.3006 
88.3497 
89.3846 
92.3757 
90.4255 
88.3645 
89.3481 
91.3154 
88.6219 
91.2916 
89.2421 
96.0886 
112.795 
110.255 
110.298 
110.151 
106.902 
111.699 
129.719 
135.045 
129.902 
147.635 
160.823 
160.168 
178.836 
193.458 
204.706 
210.047 
217.235 
204.335 
207.503 
214.712 
207.911 
202.178 
177.408 
172.547 
157.551 
157.582 
156.284 
135.808 
128.994 
134.334 
129.197 
131.564 
111.17 
111.071 
118.892 
119.587 
135.088 
131.287 
117.069 
112.775 
111.617 
112.243 
112.23 
96.0526 
93.0013 
92.2253 
89.923 
89.1767 
90.0159 
94.2081 
89.2198 
87.2595 
105.664 
114.102 
110.574 
120.73 
134.306 
133.621 
132.635 
134.569 
132.891 
133.265 
141.672 
137.144 
132.76 
131.217 
129.215 
132.755 
129.464 
127.914 
113.22 
110.521 
109.807 
110.619 
114.191 
94.6082 
91.4816 
90.0472 
90.5858 
86.741 
97.5832 
87.8375 
88.7404 
90.9248 
96.3505 
88.0349 
91.0118 
88.635 
90.1367 
89.5309 
88.2408 
93.2121 
91.6852 
62.464 
62.5962 
65.0058 
67.2644 
63.8884 
64.0856 
65.7142 
66.5583 
60.2083 
65.3029 
59.3519 
66.4882 
65.1356 
